0
0
0
0
0
0
0
0
0
0
33
0
65
0
0
0
0
0
513
0
0
66
69
0
1025
130
81
0
145
0
0
0
0
0
0
0
262145
1026
273
0
1025
0
129
132
0
138
141
0
0
2050
0
260
265
162
165
0
513
290
177
0
305
0
0
0
0
0
8589934593
0
0
0
8449
0
0
524290
0
2052
385
546
553
0
134217729
2050
32785
0
0
258
261
264
0
0
273
276
0
282
285
0
16777217
0
1089
4100
36865
0
515
520
0
530
321
324
545
330
333
0
16385
1026
1035
580
585
354
357
0
1089
610
369
0
625
0
0
0
0
0
36893488147419103233
0
0
17179869186
0
0
17179869185
0
8201
0
81921
16898
2145
0
16385
0
1029
1048580
8195
0
1057
4104
0
770
0
1092
785
1106
1113
0
0
268435458
1048579
4100
0
65570
1169
0
4225
0
513
516
519
522
525
528
4194369
0
537
0
3077
546
549
552
1665
0
561
564
0
570
573
0
281474976710657
33554434
0
0
2561
2178
16517
8200
1310721
73730
609
0
1025
1030
1035
1040
10241
0
2321
1060
1065
642
645
648
0
1090
657
660
1105
666
669
0
0
32770
17025
2052
2061
2070
1155
1160
2097
1170
705
708
1185
714
717
0
4097
2178
2187
1220
1225
738
741
0
2241
1250
753
0
1265
0
0
0
0
0
0
0
0
73786976294838206466
1048581
0
67108865
0
0
34359738372
100663297
0
134145
0
0
34359738370
0
0
16897
16402
0
0
2097665
163842
5377
33796
2565
4290
4305
0
295147905179352825857
32770
4295032833
0
2051
2058
2065
2097160
16777233
16390
897
0
32809
2114
2121
8208
134283265
0
8289
1540
1545
0
1555
2184
2817
1570
0
2212
1585
2226
2233
0
9007199254740993
0
65569
536870916
4225
2097158
33027
8200
8225
0
32769
131140
1665
2338
2345
0
16513
8450
49155
0
0
1026
1029
1032
1035
1038
1041
1044
1047
1050
1053
1056
8912897
8388738
1065
0
4641
1074
1077
0
263169
6154
1089
1092
1095
1098
1101
1104
6273
3330
1113
0
4103
1122
1125
1128
3393
0
1137
1140
0
1146
1149
0
0
562949953421314
16641
67108868
536887297
0
8211
0
71303169
5122
1185
4356
8337
33034
4389
16400
16778241
2621442
0
147460
24705
1218
1221
0
16769
2050
1233
2060
2065
2070
2075
2080
274877906961
20482
4609
0
16419
4642
2115
2120
17425
2130
1281
1284
1287
1290
1293
1296
8227
0
1305
2180
2185
1314
1317
1320
0
2210
1329
1332
2225
1338
1341
0
32777
0
33825
65540
34881
34050
0
4104
4113
4122
1377
4140
2305
2310
2315
2320
0
4194
5137
2340
2345
1410
1413
1416
4257
2370
1425
1428
2385
1434
1437
0
262145
8194
5313
4356
4365
4374
2435
2440
4401
2450
1473
1476
2465
1482
1485
0
8449
4482
4491
2500
2505
1506
1509
0
4545
2530
1521
0
2545
0
0
0
0
0
0
0
0
0
274877907201
0
1361129467683753853853498429727072845825
0
68719476739
147573952589676412932
0
2097162
0
0
0
134217730
4194369
0
1073741825
0
12305
68719476744
16793601
201326594
10241
0
28673
268290
16833
0
262145
0
17179901953
68719476740
0
0
8265
0
67117057
33794
1665
32804
20609
0
6149
0
0
4195330
141313
327684
16385
10754
0
67592
5121
5130
5139
8580
5157
8610
8625
0
4722366482869645213697
590295810358705651714
1130297953353729
65540
81921
8590065666
1114113
0
0
4102
4109
4116
0
4130
4137
4194320
137439477761
33554466
4165
32780
32835
1794
1797
0
24641
65618
1809
4228
4235
4242
4249
16416
5242881
268566530
2392065
0
66817
16578
3075
3080
262225
3090
1857
0
3105
3110
3115
4368
133125
5634
4389
3140
3145
0
3155
4424
5697
3170
0
4452
3185
4466
4473
0
4294967297
18014398509481986
536870921
0
0
131138
12293
1073741832
412316860417
8450
0
4194316
45057
66054
8515
16400
0
16450
4613
0
262417
65538
4641
262280
282625
3330
12673
4676
3345
4690
4697
0
16777217
33026
180225
16900
65669
98310
4753
0
17025
0
2049
2052
2055
2058
2061
2064
2067
2070
2073
2076
0
2082
2085
2088
2091
2094
2097
2100
2103
2106
2109
2112
0
17825794
2121
16777476
9217
2130
2133
0
0
9282
2145
2148
3585
2154
2157
0
35329
526338
12291
12308
12325
2178
2181
2184
2187
2190
2193
2196
2199
2202
2205
2208
212993
12546
2217
6660
5187
2226
2229
0
8195
8206
2241
2244
2247
2250
2253
2256
12801
6786
2265
0
8327
2274
2277
2280
6849
0
2289
2292
0
2298
2301
0
6277101735386680763835789423207666416102355444464034512897
0
0
1125899906842628
269484033
33282
0
134217736
0
1073774594
2337
0
16401
16422
262305
0
67108865
142606338
524929
10244
10257
2370
2373
8712
34340865
16674
2385
66068
7173
8778
8789
32800
0
33556482
8833
5242884
16905
0
5649
294920
16795649
49410
2433
2436
82113
2442
2445
0
66177
33538
0
4100
4105
2466
2469
4120
4125
4130
2481
4140
4145
4150
4155
4160
4294975489
549755813922
303105
40964
0
9218
4195
0
263233
32838
66597
9284
4225
4230
4235
4240
163857
34850
9361
4260
4265
2562
2565
2568
2571
2574
2577
2580
2583
2586
2589
2592
139265
16454
2601
0
11297
2610
2613
4360
4365
4370
2625
2628
2631
2634
2637
2640
18501
0
2649
4420
4425
2658
2661
2664
0
4450
2673
2676
4465
2682
2685
0
1048593
65554
0
0
1049665
67650
17157
131080
66065
69762
2721
68100
4545
0
8199
8208
8217
8226
6405
8244
33929
2754
2757
8280
8289
4610
2769
4620
4625
4630
4635
4640
90113
0
10241
8388
41985
10274
4675
4680
10307
4690
2817
2820
2823
2826
2829
2832
0
8514
2841
4740
4745
2850
2853
2856
8577
4770
2865
2868
4785
2874
2877
0
0
524290
524835
16388
12545
10626
16439
8712
8721
8730
2913
8748
4865
4870
4875
4880
16609
8802
10769
4900
4905
2946
2949
2952
8865
4930
2961
2964
4945
2970
2973
0
32769
16898
10945
8964
8973
8982
4995
5000
9009
5010
3009
3012
5025
3018
3021
0
17153
9090
9099
5060
5065
3042
3045
0
9153
5090
3057
0
5105
0
0
0
0
0
0
0
0
0
275146342401
0
680564733841876926926749214863536422913
0
0
0
72057594037936129
549755814402
33554505
0
11972621413014756705924586149611790497021399392059393
2722258935367507707706996859454145691650
2214592513
0
9007199256838145
137438953478
524547
295147905179352825864
4503874505277441
0
524449
4194324
8724152385
0
2125825
0
0
0
67109889
268435460
584115552257
8388738
3153921
0
0
2147483650
3201
0
73761
24610
0
137438953488
2251799813687297
33587202
132225
402653188
65697
20482
20501
0
9729
57346
20577
536580
18445
33666
33697
0
46768052394588893382517914646921056628989841375233
524290
100663297
0
603979777
34359803906
16425
137438953480
1152921504623624193
0
135177
0
16515
16530
14339
0
0
134234114
525825
67588
67649
3330
3333
65608
65667
41218
3345
0
559617
12298
12309
0
17592253153281
0
12353
8390660
8389125
282626
5635
655368
1048841
32770
3393
21508
5665
0
12485
135184
164865
10242
10251
10260
33089
10278
0
17160
10305
10314
10323
17220
10341
17250
17265
0
22300745198530623141535718272648361505980417
9444732965739290427394
0
1180591620717411303428
0
2260595906707458
360449
131080
68987912193
163842
8405001
17180131332
1049665
2228226
17505
0
132097
0
8197
8204
8211
8218
8225
8232
1048707
0
163881
8260
8267
8274
8281
8388640
0
274878955522
16778245
67108932
8323
8330
8337
65560
34082817
65670
3585
3588
0
3594
3597
0
1327105
49282
147969
131236
20485
3618
3621
8456
10881
8470
3633
8484
8491
8498
8505
32832
36893558516163280897
10485762
32913
537133060
8396817
4784130
81941
0
131075
133634
82209
33156
6145
6150
6155
6160
139329
524450
20995
6180
6185
3714
3717
0
527425
6210
3729
6220
6225
6230
6235
8736
41217
266250
73809
11268
8771
8778
6275
6280
41481
6290
3777
0
6305
6310
6315
8848
21505
11394
8869
6340
6345
0
6355
8904
11457
6370
0
8932
6385
8946
8953
0
0
8589934594
1099511758849
36028797018963972
0
1073741842
2129985
0
275146342401
0
540929
262276
17301633
24586
133385
2147483664
1152921508901814273
824633720834
35073
16900
16913
0
131603
8388632
147465
90114
24833
132108
278817
17030
17043
32800
37778931863232039616513
0
2097425
32900
9219
9226
9233
0
33025
524834
0
131076
557825
9282
9289
524560
1048581
565250
8405265
6660
6665
25346
6675
9352
33425
6690
33475
9380
6705
9394
9401
0
9126805505
33554434
262665
66052
17537
360450
74305
33800
33825
131338
134145
196620
6785
9506
9513
0
66689
34050
197635
0
0
4098
4101
4104
4107
4110
4113
4116
4119
4122
4125
4128
4131
4134
4137
4140
17953
4146
4149
4152
2117665
0
4161
4164
4167
4170
4173
4176
4179
4182
4185
4188
0
4194
4197
4200
4203
4206
4209
4212
4215
4218
4221
4224
1128098930098177
0
4233
35651588
40977
4242
4245
33554952
262145
18434
4257
4260
18473
4266
4269
0
32775
0
32821
18564
18577
4290
4293
4296
2099345
7170
4305
4308
7185
4314
4317
0
139777
70658
786435
1052676
527425
24582
7235
24616
0
24650
4353
4356
4359
4362
4365
4368
4371
4374
4377
4380
7305
4386
4389
4392
4395
4398
4401
4404
4407
4410
4413
4416
131097
425986
4425
25092
19201
4434
4437
13320
13329
10374
4449
4452
7425
4458
4461
0
263553
16390
10437
16412
16423
4482
4485
4488
4491
4494
4497
4500
4503
4506
4509
4512
49665
25602
4521
13572
10563
4530
4533
0
16643
16654
4545
4548
4551
4554
4557
4560
25857
13698
4569
0
16775
4578
4581
4584
13761
0
4593
4596
0
4602
4605
0
6129982163463555433433388108601236734474956488734408705
12554203470773361527671578846415332832204710888928069025794
263169
0
2147483665
0
25167873
2251799813685256
0
538968066
4641
66564
1048673
0
66693
268435472
549755814401
0
41985
2147549188
8390673
4674
4677
0
32781
32802
4689
32844
32865
524610
32907
0
309485009821345068791889921
134217730
2097285
285212676
33033
1049858
0
20488
1048705
20514
4737
4740
20553
4746
4749
17424
33285
68681730
17457
33348
46081
4770
4773
132136
14337
14346
4785
17556
14373
17578
17589
65600
9709185488779990559358977
0
36869
67112964
393225
17666
36961
10485768
4210753
33810
66051
0
33873
11298
11305
589840
1114113
33591298
131139
98820
98881
4866
4869
4872
66625
164226
4881
4884
34209
4890
4893
0
262913
132354
17985
67076
1311237
0
8195
8200
8205
8210
4929
4932
8225
4938
4941
8240
8245
8250
0
8260
8265
4962
4965
8280
8285
8290
4977
8300
8305
8310
8315
8320
0
8589950978
71681
1099511627844
1074270209
606210
8355
81928
262661
0
98825
18436
8385
8390
8395
0
1050625
526466
18513
65676
1181185
133194
11809
18568
393537
8450
8455
8460
8465
8470
8475
8480
10485763
327714
18689
69700
0
18722
8515
8520
69905
8530
5121
5124
5127
5130
5133
5136
5139
5142
5145
5148
8585
5154
5157
5160
5163
5166
5169
5172
5175
5178
5181
5184
0
278530
5193
32908
22529
5202
5205
0
557577
22594
5217
5220
8705
5226
5229
8720
8725
8730
19217
8740
8745
5250
5253
5256
5259
5262
5265
5268
5271
5274
5277
5280
565281
37002
5289
0
12355
5298
5301
8840
8845
8850
5313
5316
5319
5322
5325
5328
30209
0
5337
8900
8905
5346
5349
5352
0
8930
5361
5364
8945
5370
5373
0
288230376151711873
2097186
12713985
131108
4325379
0
66563
0
0
2099330
5409
135300
9025
34314
525837
262160
262305
132130
280705
139524
67081
5442
5445
136200
74497
9090
5457
0
9105
16398
16407
16416
16425
16434
0
16452
12803
12810
12817
16488
16497
67858
5505
5508
16533
5514
5517
16560
163849
16578
16587
9220
9225
5538
5541
9240
9245
9250
5553
9260
9265
9270
9275
9280
627065225217
180226
50193
0
132131
20482
9315
16776
16785
83970
16803
20548
9345
9350
9355
9360
65555
20614
20625
9380
9385
5634
5637
5640
5643
5646
5649
5652
5655
5658
5661
5664
66115
0
5673
17028
17037
5682
5685
9480
9485
9490
5697
5700
5703
5706
5709
5712
0
17154
5721
9540
9545
5730
5733
5736
17217
9570
5745
5748
9585
5754
5757
0
263177
0
82689
1048580
148225
1049670
529925
32776
32793
25090
5793
21252
9665
32878
17415
17424
17433
17442
13573
17460
25233
5826
5829
17496
17505
9730
5841
9740
9745
9750
9755
9760
0
33218
21505
17604
41097
21538
9795
9800
21571
9810
5889
5892
5895
5898
5901
5904
33473
17730
5913
9860
9865
5922
5925
5928
17793
9890
5937
5940
9905
5946
5949
0
4194305
65538
49675
33796
25857
21890
33847
17928
17937
17946
5985
17964
9985
9990
9995
10000
1416 milliseconds
