1
1
1
1
1
1
1
1
1
1
3
1
5
1
1
1
1
1
27
1
1
3
3
1
41
5
19
1
565
1
1
1
1
1
1
1
7085
27
7
1
25
1
3
3
1
3
11
1
1
41
1
5
1266205
19
7
1
9
565
9099507
1
17602325
1
1
1
1
1
128207979
1
1
1
119
1
1
7085
1
27
5
7
13
1
1657009
25
26494256091
1
1
3
3
3
1
1
3
3
1
11
5519
1
172961
1
331
41
11147523830125
1
5
5
1
1266205
84179432287299
19
2405
7
591
1
145
9
571
565
5
9099507
71
1
297758653049289
17602325
19
1
9007199254741
1
1
1
1
1
281629680514649643
1
1
128207979
1
1
125400505
1
4246732448623781667
1
581
119
3695
1
113
1
7
7085
126774939137440139965
1
7
27
1
5
1
7
427445
13
7007
1
1
1657009
14833445639443302757131
25
1
26494256091
791
1
1788351804163652625305
1
3
3
447232673152232758272805
3
47
3
3033169
1
3457933070629553840500347
1
6839447730858454557453725
3
7
3
1417
1
11
11
1
5519
87839
1
1458419568449
172961
1
1
1608693655111966245554191885
331
247
41
42735993
11147523830125
323
1
5
5
1583
5
168346277937
1
192250327996698297857319917403
1266205
77
84179432287299
3
19
1
2405
19
7
5
591
23
1
1
145
45747108885769406418770892768459
9
1200340205
571
71
565
9
5
35
9099507
1203429
71
17970575
1
17
297758653049289
9950006745799417075771
17602325
535
19
199
1
8831418697
9007199254741
133683
1
269397
1
1
1
1
1
1
1
1
281629680514649643
3987
1
253241
1
1
128207979
80959373542528110266379088757000615365
1
8048111
1
1
125400505
1
1
254038787645
4246732448623781667
1
1
122276649
581
497305612563
119
9
3695
15071
1
1021273028302258913
113
14759563
1
304447033427039223775231648773356471071405
7
7
7085
118465899289
126774939137440139965
3507
1
13989
7
58831
27
3520465
1
7334852813307
5
67869
1
7
7
965595702567595187465
427445
1
13
1152603814929734162621202549460791024965246485
7007
26303
1
28059810762433
1
203
1657009
3303821
14833445639443302757131
51319
25
25
1
99
26494256091
197
791
1602991
1
49
1788351804163652625305
145
1
1
3
3
3
3
447232673152232758272805
34503231737794687913327337606950404890551583262419
3
68611010962835281982375851860239487088947847518965
47
95
3
49836221089
3033169
100427
1
13
3457933070629553840500347
23
1
8291289067184734560889602596684065441150553595609
6839447730858454557453725
99252884349763
3
101
7
2995944847
3
17
1417
3003
1
262948296556077444865775361226862701746915023645443805
11
7
11
11665905865
1
2070284213518034552716289387601473092382043352395789747
5519
1
87839
5607007
1
1
1458419568449
5419
172961
64546033268757642815792179158947726643726019994488786765
1
1373239
1
93876560171549881
1608693655111966245554191885
83
331
10565
247
11
41
3161223441965659355353374577
42735993
1
11147523830125
61
323
167463
1
12397560882427671408280715945
5
2653331
5
5
1583
79
5
1415577482874593889
168346277937
1963609256946546589683734108063664087091570245386133488482827
1
3908561893874598674952420861181355118723838160649833404628525
192250327996698297857319917403
10153587
1266205
41
77
3
84179432287299
2597
3
79
19
158705489
1
19
2405
629011229
19
7
7
1
5
7607208427525575562829293196111633937256530593267655891959257971
591
21
23
2402107
1
11564135542393825453297319218753
1
75
145
2317
45747108885769406418770892768459
1
9
601483385
1200340205
9
571
3742812552489459754574162615117692761632922436101077307571867800325
71
2319663
565
1
9
29557800200387853479377969431593256755679267546768250771573979545179
5
71549
35
87
9099507
72642153
1203429
4691
71
144065989
17970575
601733561907743
1
545
17
2171
297758653049289
4333
9950006745799417075771
288988682455
17602325
4944481879814434252377
535
115150928865393683394430794345770656836007097148716510508943785012960963
19
133
199
271
1
17
8831418697
19381576266366800396091
9007199254741
2093
133683
21859078087
1
2229504766025
269397
529459
1
56872342454477502663836436644738658081173862802377487249242428294652814165
1
1
1
1
1
1
1
1
1
529629879
1
2612532567531197416225524817134496825
1
7084793222933304500103769637242854782609253363863284989029909537769063381411
281629680514649643
1
3987
1
1
1
253241
291417146724430384863259
1
2014525
1
245
128207979
1152644356876517946833449
80959373542528110266379088757000615365
19
1
3506723826366337422957092455420226769441729073496959336825273671692511489871925
8048111
129592654303
1
481
1
27746070787044805057693411603398064822931998958125850109286626053172193287323019
125400505
1
1
119
1
121369
254038787645
3
4246732448623781667
871933973171332617109273746330125182514545259897728689969395156974373557093899685
1
480207
1
1
122276649
6901132832062980713745868230278930396598248096099962775317273213992555187229870331
581
29
497305612563
1
119
9798218452781468867107081842112636865545
9
252390872286963
3695
7859692709141
15071
60222911
1
8184343991108570561
1021273028302258913
1952155359851
113
141
14759563
1911
1
1
304447033427039223775231648773356471071405
27111317828131469419032763101700625013994202428475514409020182726713975987054630352739
7
1
7
111
7085
31854074083437741745
118465899289
7
126774939137440139965
1931191800011469
3507
60177611360615
1
41
13989
14245331
7
14198239
58831
27
27
8609
3520465
899764043
1
212675860498217144406493513961174881414835199338694812464458382966852207479369574544433005
7334852813307
5
5
244920141737161502169
67869
1684915056354211431614610973288532501548225876505588627343625056654997133245280118846364227
1
7082200501
7
7
7
2894802230932904885589274625217197696331749616641014100986439600197828241
965595702567595187465
56115425979
427445
6831581
1
1701703
13
64083442665566099285773305801
1152603814929734162621202549460791024965246485
1
7007
1749
26303
1686911
1
6700417
28059810762433
252347242347143644465906703403
1
1
203
823
1657009
68723405850633661453114694214632855180217
3303821
1
14833445639443302757131
209346355741099916191855113621518124555242097137558617575207753293448793950935674121699193819205
51319
3521230472010863
25
1
25
1659522552946139548082323389315342462331691525715639177864772842496170712594367164812984201079707
1
3309002609354027117053709874610622337901920470337689011234146151906131617548223787024982113499325
99
7
26494256091
1577
197
201619
791
49
1602991
6495
1
24929
49
267
1788351804163652625305
827084469046456503160059926354669231211833640042337346713437629602581931750428709520264953202218285
145
99607
1
15249036295256468806256964256153
1
3
3
25080101
3
1562943
3
438652329323160077905
3
60113422385352562993117178920059
447232673152232758272805
1
34503231737794687913327337606950404890551583262419
6191879
3
9
68611010962835281982375851860239487088947847518965
3
47
3271752661897391600015436369903119744360292423920515155117815748055524787572731537903022187032989567125
95
23871
3
1
49836221089
474603
3033169
51757373562540400826196240232487152401615006807746823666856729802807850518216864498054015302908337073165
100427
401143
1
1
13
739
3457933070629553840500347
105380563076589014533
23
47
1
23828017
8291289067184734560889602596684065441150553595609
91
6839447730858454557453725
1628402235472291453
99252884349763
4327
3
19389268200585836264288587113776883575610248525384021488302948711030121
101
3
7
7253631627748517723895263630452085
2995944847
23
3
63457330250459828198803140633542817678412267809
17
14389477626900307149161646119408331
1417
45
3003
90327
1
25354987827488027993
262948296556077444865775361226862701746915023645443805
14235373448834440405930999306884547
11
175
7
1631130624027663
11
44561
11665905865
44443
1
813284474000876800121347426109305106610793825760928142915048988693975432866108211100855891984909916628274190685
2070284213518034552716289387601473092382043352395789747
89799
5519
2062122777722299856713465644943385813437041867432337225
1
43
87839
1
5607007
733985832191
1
8162681060320781227354732669970957628221528536364154113
1
1
1458419568449
203891364535029646635337853040846643234565274362046295823794532492862725855095527096580937929546782099904931385805
5419
1
172961
1
64546033268757642815792179158947726643726019994488786765
176435363
1
21
1373239
1437930916847
1
85489
93876560171549881
25633833764363371482448371704286569591106513985359985634040058733130634748420040448594795835452448294908505122029339
1608693655111966245554191885
1329
83
167
331
1354025
10565
371
247
809990551470172079565846666249376372123496170900007375417396284987656092226110788779688002910959169208250681296344885
11
172013791
41
1
3161223441965659355353374577
1337163
42735993
173
1
362743464410263
11147523830125
7945305534037034736919466463985970840653661279519371249945
61
53706711425252926415921023121166869379
323
21638605221
167463
43181548495
1
11289317058573777
12397560882427671408280715945
1
5
3220735536127885987585458260817398488810741451713915806502551986720612868386413377954636835272668866492527220584766666525
2653331
647
5
41
5
25578949215583984481815344446249907224315537913974605824798986032383295428732724385013367272153433029169188373398727286259
1583
51034477687063824285793220403012480758767068407375148412807627138192968201597015841751639889193942376653603823403492076565
79
159
5
5156033
1415577482874593889
1316780395
168346277937
1
1963609256946546589683734108063664087091570245386133488482827
41977034359
1
196508908677243935479166262792143590912129810631474797647041853529847143649319662849342809286478978848867780031219785465
3908561893874598674952420861181355118723838160649833404628525
40758883
192250327996698297857319917403
357670360832730525061
10153587
619
1266205
165768537521
41
80091
77
203155751327726762864772434359839075574182083482987732647309465168128759364421572614300586613726522428003459185331445767070205
3
3
84179432287299
30721205270874325174421828379133731714963563419063334671619305
2597
1613893884820031932234234100199699478135295154467879263777927578937497850876382784074490341154912443595687550035741310726993107
3
157
79
5472035321981048991
19
89446534630446551654561
158705489
310219
1
20730032807229
19
616535
2405
601
629011229
9587
19
809353981408128396866675064014400716168446854385643150790926764694803939336647844353743954347388519946330843792610392688959389285
7
19087
7
4761
1
6430835258844200263212448753255985758366730611970183857247046637710922353777940289904719800341198024851027406623957548251120130491
5
593
7607208427525575562829293196111633937256530593267655891959257971
9684551
591
1
21
48884560006599465009328787599625511859
23
77254101
2402107
76790911
1
1169
11564135542393825453297319218753
1
1
38135117
75
4663
145
1367889546171690911490745
2317
25643703613516450383217598514240512788662098723257087022059191150805355258686586048994612594090886546796472647630118736354032251505699
45747108885769406418770892768459
1209583749
1
9
9
56322034409953656974088485164202851347985208982529431248241
601483385
27
1200340205
9149
9
1141
571
2444950937769
3742812552489459754574162615117692761632922436101077307571867800325
595618451
71
1338313555984194891782837
2319663
22623
565
7429221040678755422427078430868703393381172198245841286504331780193
1
11
9
73654317
29557800200387853479377969431593256755679267546768250771573979545179
23
5
1173442713
71549
1287461013495445380867
35
3239726427914942787947493139978628023865691151643210297036020689037356098502845232092174738334687968210168424466789219098125306853671589925
87
139
9099507
1
72642153
25753601424861340346007104918436232062999918679588265170102601633657039819988826723537372154364869086257811931769788005671264318895923684219
1203429
285
4691
73995602439
71
18027145
144065989
9657981190424947
17970575
72929173
601733561907743
2239295
1
1
545
758827433712826021912608947412400321732052203
17
71211893
2171
4552576503
297758653049289
9
4333
163188800235353939430574563
9950006745799417075771
827653
288988682455
269
17602325
28935059402716631804844176061296516124093902098270115997897337994556721
4944481879814434252377
17
535
2405
115150928865393683394430794345770656836007097148716510508943785012960963
18765762168004583
19
321738731022393249110838377
133
83
199
284605639797
271
9089000257055
1
33
17
2317430160013771
8831418697
93817557461562474187598625169350163749227364845
19381576266366800396091
134615
9007199254741
1113
2093
134339
133683
261
21859078087
48020886578535419054863
1
7172453495869437278466983709656089435906218078892502727914865213572418833
2229504766025
265531
269397
69465690205
529459
4231495
1
73
56872342454477502663836436644738658081173862802377487249242428294652814165
1644726193565087966091023674951649426825241145803777401585324024009048580725410571246549840305066661885430797127881017033090515555930639100396669407027
1
1465795961436674425309082535456879345864520003925
1
1
1
1
1
1
1
1
1
266873271
1
658823556478099638844868552626850361
1
1
1
69486590200517
529629879
516719
1
11501077245931562637775779202316801630183861087473
2612532567531197416225524817134496825
2123291
1
8619329432381
7084793222933304500103769637242854782609253363863284989029909537769063381411
4007
281629680514649643
2595099080426604106489034184417679401
1
45566589583310206302281964413365520445371643737619
3987
8285045
1
1145901797227849742303
1
1
1
63371
253241
3312701604134658033996921026512415954045194037392433901611654374272382761451083787640669685220230661779807456580997360334596095999863262612665318082046097325
291417146724430384863259
16161687
1
1
2014525
8243761033
1
358394654084632567436470305694646675308404846160805
245
1
128207979
79282937306835615904793710958007505
1152644356876517946833449
123
80959373542528110266379088757000615365
18390938390912561255427613
19
4376613986715234695
1
248329
3506723826366337422957092455420226769441729073496959336825273671692511489871925
2763763022394911520296534198894688480383517865203
8048111
17
129592654303
4046056383
1
42945869967482914033533438610579482671248706497
481
105565713235844021448166623095106448750746330181969812839027811786308929482300723629851000517194872541739665730722396805824135298827363952372702097736157831981163
1
5608400881485412107441343191766913755237837592620685
27746070787044805057693411603398064822931998958125850109286626053172193287323019
15
125400505
158819117469025062254555878764872674809
1
15639907
1
67018143773938821
119
15
1
1
121369
475
254038787645
53172374109861662424503417788946529684920553714163103420539426006616661440376308218075500523806057928616269936749941457672601789758859228930362858592097272932391165
3
1895
4246732448623781667
1001
871933973171332617109273746330125182514545259897728689969395156974373557093899685
147
1
844664822028097885461404337732378892326974310746741367138810720735367986211313530010323797040657736692360871761585462153037283936867679640233087343651006276555370485
480207
15722305439
1
3305394161992969004062686458767183810262836315165475512277112121546137509793
1
6721215360323314963920845202116240233155692289254568884018176848166739380929917813154277337805269399005286509404744158325504157844923940574463818791509699098217979211
122276649
7457
6901132832062980713745868230278930396598248096099962775317273213992555187229870331
30725975
581
6882795012314363404497650688480137844614373211876490775028564782068748574686301145
29
67
497305612563
473849
1
3791503
119
690094737839344850905429795867157697460681117465263249
9798218452781468867107081842112636865545
16571
9
919
252390872286963
1
3695
240068041
7859692709141
25
15071
956929237
60222911
64106843001830271
1
19341496269324044355191429551299532962689
8184343991108570561
1
1021273028302258913
1
1952155359851
118587703
113
7944334226403769
141
8315912774649211863843
14759563
901
1911
3951744895720047
1
113
1
108141046587728028555915705176822682577273484833322341619129192757953355469294889830232277833780050413897530119658636500211698460772892074725348959361374297159097068608141723
304447033427039223775231648773356471071405
7
27111317828131469419032763101700625013994202428475514409020182726713975987054630352739
7
7
50370050713259041679582280649488707579332397747500398290741107062065864380329
1
42592717458094525963262354016676277632585957214344593811
7
281377645170388626778960004293045
111
226911
7085
1
31854074083437741745
27310943876902070335617680231749954921891100412294893244495427875491343798789675563393185610698608587090603192207908521893396897874182388031058306353424887367451965323567222539
118465899289
992928192361153325
7
7
126774939137440139965
598175898032673881415878444865672731090841
1931191800011469
3594115
3507
1
60177611360615
246161722418254415
1
1188382758289725129940288067818064226796625
41
13947
13989
17
14245331
7
7
9
14198239
115
58831
218935693659013643318049549279665551248801779772065920527388350453587617419972070378879844297291543969039294924256595636993643585182484435041022250109887614156566888225636116666005
27
27
27
62085344064021629761
8609
58177604587
3520465
55821
899764043
253057834985959066533111
1
107
212675860498217144406493513961174881414835199338694812464458382966852207479369574544433005
227
7334852813307
55317870692063619717060447875277448574603677029340997696931529446421200701537092815795606419812325928086114055524452506073524943221762836976744147503761742106436454570325738027714565
5
15921742955577903
5
891737137
244920141737161502169
27
67869
879361850678042860239512244963181688578016738160841858296250278928396516244967981511564110460137087348330918987738750266313495944634393230647289342371843893921557350582769048162473085
1684915056354211431614610973288532501548225876505588627343625056654997133245280118846364227
887418599
1
15209
7082200501
211
7
6751
7
1695
7
241978746920462204705
2894802230932904885589274625217197696331749616641014100986439600197828241
471859160958197963
965595702567595187465
13710989
56115425979
224284561111
427445
654536418982182196561244702687888029030523415128711162827609
6831581
1769463230995502390073180757026088461861018055643336698652201228459495991055291505265957299365417199204261469596093442569239252662616442085055049471819390307074995452414593423477087699907
1
13
1701703
233687969263145547
13
1822800797797393
64083442665566099285773305801
211867
1152603814929734162621202549460791024965246485
3384529
1
7
7007
497898900325306127846309193
1749
1
26303
893195109166443856429360142071317800488102683486405624623960947122019414097235197045010338942320164404589332336255757108592150493613045810151264941214215776870006788245940671511917422131285
1686911
6716159
1
1
6700417
7112144376651902133501436641777539087908384266950210336054859731721395428228647523781625582723883709709496975173179122853762595045012374120425037131289499903744340879750997583917185022987691
28059810762433
1
252347242347143644465906703403
1655
1
213457209
1
113089155510387487991105725315576547170087770900041764352079132899129980906799129642284438390515789924799809377501952776097628622063527510413698808854462319151095142974073182341326083773734563
203
13381
823
6503
1657009
26349878623542452828311755820133256618074997962765184517465432324715123833839821742765916261361
68723405850633661453114694214632855180217
216685907227
3303821
3591037042617315836962766890266793479393286695943524495705682658208191984028966674697966732351259272385341833207809894762602024315671367033213470554493118623189886661448817301218188449546904125
1
7422414855653901304487
14833445639443302757131
113
209346355741099916191855113621518124555242097137558617575207753293448793950935674121699193819205
28596414337843170031452546131520112114403464369839481982635612170337308469604808837227572877055781566171872838582161732738455905950656150024243153428587894896832701126518202349716071448266394899
51319
104995381
3521230472010863
218057225951
25
1087012713408956497378740266145845496102625
1
1753492782672011
25
3589201343119265453
1659522552946139548082323389315342462331691525715639177864772842496170712594367164812984201079707
1707202386583
1
812825
3309002609354027117053709874610622337901920470337689011234146151906131617548223787024982113499325
1
99
1027267522780191587813961079039300261
7
222417412418134479
26494256091
2535736142508525187609764398703877979085510197755885297319752657
1577
99762958831098252946954959908427615952215085974273464162179590195417648358537235676026014700456289569663660684869740987104917230964069729415762580534670802393657263492748538510843
197
5
201619
7
791
25097
49
6726810897395
1602991
819919381
6495
25584319
1
16191874708505622053275817751400123073
24929
68473437541609323
49
3340102780301
267
25433207
1788351804163652625305
25
827084469046456503160059926354669231211833640042337346713437629602581931750428709520264953202218285
1742570657885477987
145
1699221082692485
99607
13
1
1645661089035859081967261043768144216107013590914511046950763483441434144878883868758910722462606257
15249036295256468806256964256153
6608363357915
1
1
3
3
3
223652452093560191606457742942003269015806783355636685593198299425507686555722710263623621658550137403385344673352991286613304624896232404357319274027245134943954352323131707479239147477419420938985
25080101
3
3
233833369735789944608750417994361145755257816537441083492638835779454604171100828038300140059795269114227538033667677564428739043464135149311988192460156927919446381843425513379531438390336348488039298805
1562943
143
3
3
438652329323160077905
13376912012977227
3
3719660728715303043566277467415007711767924484934471920467986925708225014070052853255161098358857691456445007620283519721484822090383867458425602181002699053247210801112506645851952670933315643436095087725
60113422385352562993117178920059
52102381806167
447232673152232758272805
50807757529
1
3
34503231737794687913327337606950404890551583262419
773221
6191879
6031
3
24666001
9
3
68611010962835281982375851860239487088947847518965
1
3
287815
47
9852600066795951159792656477197752251893089182256083590524659848393
3271752661897391600015436369903119744360292423920515155117815748055524787572731537903022187032989567125
1604989175827
95
1493
23871
47743
3
6510996780667342829271315529601382372736877187134935766465830629913194822110673692178902918694466108033
1
14707715863163179
49836221089
29
474603
816376893583415
3033169
185
51757373562540400826196240232487152401615006807746823666856729802807850518216864498054015302908337073165
24214051
100427
378181
401143
3240819408592683
1
23
1
30196939947781552747945472404032245289550373976683560096012555821961495310442667200248883157103016532902203560525446362652456334263143462681669977996622430219224381439302185107488514018632355781279911925872124059
13
3077709245
739
206252903689275943
3457933070629553840500347
6138236585
105380563076589014533
1497235
23
13460551923336163392693
47
3281700127081059935
1
25602698228604513
23828017
545
8291289067184734560889602596684065441150553595609
737
91
23
6839447730858454557453725
1
1628402235472291453
121640849358555198869275880522253095423473204335440107024612419489261450308459618362589331538388611172075200960470537412910204034539903124897766759497197885356254139019758619941963821179044776349231450701190322638083
99252884349763
242946830583982922999751276858622493406000852705744797374690462049440281345595190976073117773161562024337393797168272245192988374559393577738003534797569348454129051228726438452566420551677867147604728103822654023205
4327
5771
3
3
19389268200585836264288587113776883575610248525384021488302948711030121
9687989388777981245144880058905653273899843163128822251523543255888251
101
12626108195557533
3
7
7
60889406685407844755046329754671294214281
7253631627748517723895263630452085
1648160626604811417459
2995944847
2993905045
23
765397625407
3
38383642955131227798143598115256885612002365716238836836314595004320321
63457330250459828198803140633542817678412267809
200124701000930027
17
11922387213
14389477626900307149161646119408331
709
1417
33112665298925350079316073510337538066036226812879993
45
7799838958104422702295043707127549378480880393084330101890232170474439601591010826442656493861403956569654522643945549550905612921536000891084532333406966454444059872362242231871544820586725319997646759558534211987896291
3003
1413
90327
180527
1
6460463679678724581219148773975234697199997125808245930434562672529165995211172722919617929740774081678177073
25354987827488027993
11
262948296556077444865775361226862701746915023645443805
247923079434563619397262956574310102682644782273415920505896086993995315293438050756639455172596641770240807117609564634620078209514007004880982964778406564006763097992513440961618239119734518945618435781386335943802817405
14235373448834440405930999306884547
359111
11
6460525422122266798697
175
1975445804380538939346837060255877162402607924932408108420562283559893292771730539184323984377247691330057505145249259503603878675407137869445270534565235490658291155718866270077096896628491724006982386239411872256691695187
7
24579272583223925
1631130624027663
50320459549041358367
11
33
44561
12534483045169719243
11665905865
3129467516812223469
44443
372931640791
1
11
813284474000876800121347426109305106610793825760928142915048988693975432866108211100855891984909916628274190685
195
2070284213518034552716289387601473092382043352395789747
816044851209874934013925
89799
11
5519
705945
2062122777722299856713465644943385813437041867432337225
7963918316545823083290480796857059233712686808092050081762208829335865441800603693013780412983454109644245171419130997651487504330037417881259681113761804103765465856968410956737654329610546848455264071701188386156500568644411
1
704093
43
3092580868676668359
87839
46874971713335339920103435564545596402807492420869055014257456658496625165314028941915029290184059977
1
126756865798555595619609690436193872898178152932454001562626717670317680656954350614865970675101769917577378404403255487113943504581549182841630247798920733115974442849514198689603632073122015416824216132733219199125803956059443
5607007
1
733985832191
201618995045796520131071
1
3988277269657485643092640278855716808376679563262465
8162681060320781227354732669970957628221528536364154113
87211
1
1393565
1
2850321783
1458419568449
1
203891364535029646635337853040846643234565274362046295823794532492862725855095527096580937929546782099904931385805
3
5419
64145356944638716494212193196643101056449777337294114340154506412954978032232485942657339034882746668064050848687145697349890976645156953552249441964257968307995557434044153618603601213958876997299439605163236927086599224431392965
1
743340750874863
172961
102032405040907067087629041
1
1419686939
64546033268757642815792179158947726643726019994488786765
176543293
176435363
46220393866535
1
21
21
11528340726803
1373239
193119140513519037493
1437930916847
128479
1
2361597740977768166701256545747618260869751121287761663009969845923021127137
85489
129530013618102177942614283584823128531273433504468273848006256351464386041062247769039398346268842239291106198557838336905997033445077626935318664362952065103632286834503398357914940495420032692639638338840741560863798359531112880523
93876560171549881
11727121211631021
25633833764363371482448371704286569591106513985359985634040058733130634748420040448594795835452448294908505122029339
1
1608693655111966245554191885
762494484705264814635012089762929967036366179480697383514351919736519353746784732437167969038047923875935769
1329
9386565815311255867141916454155827869042785330716904494648873181135453194371
83
13
167
207
331
230520762985946832524240509892158204993049297
1354025
185978516181066683
10565
2902256776879133
371
2898608433958791
247
2326018113995052262118186767280610829444218147709038323454264085532467136521
809990551470172079565846666249376372123496170900007375417396284987656092226110788779688002910959169208250681296344885
1378697971
11
74246148640583459056816962209703455004225713398632396729119953678211048685845
172013791
188863
41
1003708959562142583099289251930769895391757022974886218177
1
87796479595
3161223441965659355353374577
245
1337163
10732407
42735993
170839033
173
147201861426457832543434746926004242882369291493005509095474321569339596215139
1
41605
362743464410263
175
11147523830125
689
7945305534037034736919466463985970840653661279519371249945
2108723526642671641957309522451688691870362113048638034665153798408392258037447572957982264883406915911290990873278455286161251665786976480016082951694493504385868240093375820835760396780017776813607219432720160725525424950702871019812171227
61
4212243540573084994853650976988629231509088539205114100089924737351248693106264800270170619181043549488439375970188549177415257800011246047064822083643904976681950253807742694550396153469276718891092027466470006433837955577036333351111542525
53706711425252926415921023121166869379
11365831222248807
323
878306272434436849882022135045843160850921
21638605221
2332068334436617757614980969123961502480609008926681009492898655667668980971987
167463
3039754547092436276018677
43181548495
663
1
673389985
11289317058573777
331
12397560882427671408280715945
1067794731516711373747335777536245207070687553845559822112960664512566754838402774439165743961681568718701660649117265353358017117176216762142194018926214484791428826221210649000455219414823809223304706896717078429986768145104599553274809695085
1
5
5
9248690262348268352564470534466021607643999652708616703095542017724064429107673
3220735536127885987585458260817398488810741451713915806502551986720612868386413377954636835272668866492527220584766666525
3
2653331
5
647
15
5
657
41
1
5
2789888698423773
25578949215583984481815344446249907224315537913974605824798986032383295428732724385013367272153433029169188373398727286259
99
1583
42467558345
51034477687063824285793220403012480758767068407375148412807627138192968201597015841751639889193942376653603823403492076565
2714647193779
79
21
159
22184899667720447
5
1
5156033
34359812739622029039494641792051395909684150176569469141501439354902296347154054180378265465896374775560119387185362591570962040500387974445644902269423610822450958977779498622995562401294515628368374335011092078555405583211442811776075329461876779
1415577482874593889
68637277216237174845820932135829451146127595379678016847073576278756294800126792472966529097242967945906194150315158106828991877188911627802145059416571790582415516615887866032994131243808217558406327161729766920253877899596734771996066595821388365
1316780395
12137887255327152333840310071
168346277937
2567225
1
2907427125647356195
1963609256946546589683734108063664087091570245386133488482827
160069
41977034359
327440495
1
1573006469459247112318656295140442688467352011812685828160972743068187486582537408269337799975527150142989201725219175025
196508908677243935479166262792143590912129810631474797647041853529847143649319662849342809286478978848867780031219785465
331
3908561893874598674952420861181355118723838160649833404628525
20550845
40758883
39
192250327996698297857319917403
2300377610687660237915289410092976798866082698699987591772424404664185062409956777
357670360832730525061
659
10153587
277152865800527917526991940915137952647362654812075588329810225589287934237272286914774446196852162612542602598372174491257482673741222802043763323487887816008554596965110106960153143454265557158888798284033617327020464377018776473688150246870924308405
619
29
1266205
25529147890770614131356936727893743586443328993958240416640390952918949872989334331172421977240530882599727561150224401784161
165768537521
9147352052858053306271745294048352709322692591181351483233960728611674091607809291
41
1
80091
2859624448302596375
77
41
203155751327726762864772434359839075574182083482987732647309465168128759364421572614300586613726522428003459185331445767070205
3
3
3111124624423442651618038760164645
3
79
84179432287299
84130290762321
30721205270874325174421828379133731714963563419063334671619305
20191355
2597
2501437
1613893884820031932234234100199699478135295154467879263777927578937497850876382784074490341154912443595687550035741310726993107
670693138223879
3
319439753
157
144318989091638607706146908922466871764496851653322030597929186562147271332714270323
79
19
5472035321981048991
350007477887037761855
19
1
89446534630446551654561
45770168985710351859341803
158705489
283908033983003366573219729216904014808382848657161144708437861784777739231283305950399004485955336050369784305417690247092185121469580966187420139629286107656297486208261622220619316525294306833123020236738411141171490536429573610806766148709829355247470605
310219
1267448567
1
41483934430073
20730032807229
46653041066478827887486349027
19
4521655351108970332189682166413736084208408746447882952599405532204662351180369619409915908320832600806808374049754000672815685840383998294339336950971191954677666110041745124028335674103021562245166631317795901276509528773187373394859283039302784814647825925
616535
47
2405
13722202192567056396475170372047897417789569503793
601
36049007286917995871057752268924164957558510028921644970695203350055258859324664029273788649738154816277748731405251128432156194839649873064429470551303240723955657458878893009425677887181960113881328472234837614756282035920408549881854661803897645620157366619
629011229
637
9587
690420233364836338919
19
5387754116223211881
809353981408128396866675064014400716168446854385643150790926764694803939336647844353743954347388519946330843792610392688959389285
19
7
373
19087
152607
7
9037105942710489806344254367233541671331400809491838136340060908904658662351543450913
4761
75
1
2442989
6430835258844200263212448753255985758366730611970183857247046637710922353777940289904719800341198024851027406623957548251120130491
5
5
930189122284457909641022714843047204625627962483651703419225
593
155210563
7607208427525575562829293196111633937256530593267655891959257971
37
9684551
1238886415
591
77343249
1
9888956987
21
2847053565925276589549024605
48884560006599465009328787599625511859
91003520375329985076600117959
23
1
77254101
36954010292086265133767472364054043544966936628156234060433737340981666379177732196028067703389562667506602895443279846032620842158833627395812743317217373874397501678721676284886088253807109754688320712661666788202855924227165762369781540204745136855731573929612339
2402107
284661259968486037768089112410477663646096757080203500647867586550360718245295794603605
76790911
643730600003823
1
46085887394746834840484893198045945331037694015914753157044673401729349640010551159034384442255666818711043783116519681
1169
4900330411
11564135542393825453297319218753
164244799765917133
1
4663
1
1
38135117
291
75
581
4663
1403386923340399276774131695
145
350373300228919127002958321
1367889546171690911490745
1692430194219645343300217589343245923377955960445723
2317
18951869
25643703613516450383217598514240512788662098723257087022059191150805355258686586048994612594090886546796472647630118736354032251505699
167
45747108885769406418770892768459
156969
1209583749
1267643820079891
1
9
9
77276427487
9
9193
56322034409953656974088485164202851347985208982529431248241
1
601483385
7
27
73303
1200340205
10063690165689881
9149
20372422531
9
2570694873636462757
1141
10781067668123936087646159
571
4561
2444950937769
1221812161531
3742812552489459754574162615117692761632922436101077307571867800325
5
595618451
71
71
2203392078241737248532661642411442034668976088335247431731898809469314548148552413394697
1338313555984194891782837
81640047245720500723
2319663
21
22623
303477063839
565
561638352118070477204870324429510833849408625501862875781208352218332377748426706282121409
7429221040678755422427078430868703393381172198245841286504331780193
38762072915307
1
4876964500555262702390290530459135766231810151407181627557939973009213117974903936190903520033425195200330186060452462535547272648617836446347672586505263473069527342069023821692486220794621116544676802227305801304911794218701067213833009584679730014748288212973745348156093325
11
604347776083
9
52589659311215488973155072245372540349383004729088761
73654317
38890330736082887580710576013645213330294156151124863455320091225581770166261579968939567009243510608539108628852713584482714405566482243713564086485211763571001137155181374749522086157038199883833501998693159491069912582928774230679992419226947948826766210452465517270138145379
29557800200387853479377969431593256755679267546768250771573979545179
5
23
36728751
5
406911714985045537033981719797102104972986568832923236720621391935951960583445990843397814838886996541079616580785992414753859283142681009
1173442713
71
71549
1237860372667307424412345579839754728399091137502825701797892131156716716469436245958617736494536120296515986106647054017759877168973849317220656783682733938617949887159912654787132400301593081438331775924306936938988203172347729162357734200476706582155738133868993001484887244285
1287461013495445380867
1142887
35
18705141993
3239726427914942787947493139978628023865691151643210297036020689037356098502845232092174738334687968210168424466789219098125306853671589925
53459
87
2333181173
139
1183
9099507
58458412677950778506594014714892751317743644020500891944203487337633
1
11
72642153
609044641141357
25753601424861340346007104918436232062999918679588265170102601633657039819988826723537372154364869086257811931769788005671264318895923684219
1111
1203429
579605497
285
21361147555188699761924435267
4691
5006264184249243346611046811235856699021601941409849835853203524261978014637868485370372021449447997777333946479345096014155363267484164402872864660207956657028413139854678165824930574928724627022372884275144238884183898855348991354132263660300584813927979313470026850116832315841125
73995602439
162630062964448275806095
71
1
18027145
39924103678061086950844677454260570885537767343975352020794713789709576112539435723918520032618356135394700921897157954999095314405820226659093091637358471337225016796491843495472230825126399647486233258550809431017655340216123471690426568298820814813957372521894162735488613455328699
144065989
4947476966311809245
9657981190424947
583
17970575
570057
72929173
2351749152691
601733561907743
9853659849493260757
2239295
39051536112269439
1
137
1
5029675
545
9805
758827433712826021912608947412400321732052203
2393194683895351
17
84115747449047881488635567801
71211893
161496658914966323444488988302437092671175173196810067767878304832115151788982721532314698139940097511760620051478548618265506698957275509834539406256864272099948672397000070924839600712419325089222986530986529323644712135480391506092119956341277524396938188347662807616063446338550622243
2171
4420045599422473010646708134856807272845741380976001593268580668023217228723518986079590454085
4552576503
271
297758653049289
3479600757247114067458313769620499570681097628102810077581777265
9
148648982032027
4333
159446166832223682759613
163188800235353939430574563
74171481253927
9950006745799417075771
12909206653751528563158435831789545328745203998897757353
827653
22907801950211220484371564738210951726739
288988682455
81922639693574953787844954870675774902717342655123962709186136169818856515914379303641168414269295067802665853019702216273881497727802715679391351391886358966444563281727477743151881844817362224018608794029509450726764923760733520323811401475548246588286132657804250041759199393754500150965
269
348828669319260341838415798902936671
17602325
1
28935059402716631804844176061296516124093902098270115997897337994556721
11
4944481879814434252377
10612768243986777530892208539693
17
150662534547910679
535
14078013965916499311442643268285620504744740381785592157394236050585
2405
560118531
115150928865393683394430794345770656836007097148716510508943785012960963
1092867
18765762168004583
1117957967
19
46142631049746501431521318428644269575523194558615925614619743472615495690286815853618019979289205533314024987701001646364563333457
321738731022393249110838377
19
133
331473366765502781491921039334977831388232351251642537860899483224442773810249439977909288460530596316754046113484539706814439168797168155474410448485541591388980972586219845150160547675057710917390700424760341112080405458658898534734465329125724840107416816403977567017419174717222060402011805
83
18680247163250183
199
553174184315379849360774463105114154110563841905213059288257614165390237531455721604328067026569
284605639797
2643747155647648258245821973149717074599221542271816987163434786869431400616966730980960186488638166884106045404365828566123854391255433130878269084838700595494530404901917147978844913846948412895449628855188086969720626457540199329079737622496432984464611940434755895807450355602138959770264947
271
76822634330188693
9089000257055
2381425356969601087
1
2113
33
42129647678121356038800053828793478334227353253394470599669350322815136320652055646593418895307618981488844399438268543390913802438204345574297691143599705916325521258587974118571789306517249394021900879753737083950293868219201243863100559677265754413733000745810825709535535007441433327712968939
17
13
2317430160013771
70686834935
8831418697
410610964362285733820018777825840335200281240095718112077683312606138208279562789122336940833655814996348053703908689288662475733302231943468204665
93817557461562474187598625169350163749227364845
19
19381576266366800396091
1341397855766483877001032860615926152430401617057503264200989469667439973866970609030043038076734925047063937052520213852262325094757528847769726787017848623426961413973989857964581197428939802438401875582504566222281164405032394536700744109423768517097045127401920651935456914328070153585028250885
134615
4954237275779411905060655
9007199254741
650 milliseconds
