0
0
0
0
0
0
0
0
0
0
3
0
5
0
0
0
0
0
27
0
0
3
3
0
41
5
3
0
5
0
0
0
0
0
0
0
7085
27
7
0
25
0
3
3
0
3
3
0
0
41
0
5
5
3
3
0
9
5
3
0
5
0
0
0
0
0
128207979
0
0
0
119
0
0
7085
0
27
5
7
7
0
1657009
25
395
0
0
3
3
3
0
0
3
3
0
3
3
0
172961
0
11
41
365
0
5
5
0
5
3
3
5
3
3
0
145
9
9
5
5
3
3
0
9
5
3
0
5
0
0
0
0
0
281629680514649643
0
0
128207979
0
0
125400505
0
59
0
581
119
15
0
113
0
7
7085
55
0
7
27
0
5
0
7
5
7
7
0
0
1657009
6433
25
0
395
7
0
25
0
3
3
3
3
3
3
23697
0
3
0
17
3
3
3
9
0
3
3
0
3
3
0
1458419568449
172961
0
0
13
11
83
41
6521
365
3
0
5
5
5
5
49
0
11
5
5
3
3
3
0
5
3
3
5
3
3
0
0
145
75
9
9
9
5
5
9
5
3
3
5
3
3
0
17
9
9
5
5
3
3
0
9
5
3
0
5
0
0
0
0
0
0
0
0
281629680514649643
3987
0
253241
0
0
128207979
374213
0
495
0
0
125400505
0
0
61
59
0
0
7465
581
19
119
9
15
15
0
1021273028302258913
113
14759563
0
7
7
7
7085
56489
55
3
0
109
7
7
27
440273
0
27
5
5
0
5
7
9
5
0
7
5
7
7
0
28059810762433
0
203
1657009
13
6433
101
25
25
0
99
395
5
7
7
0
49
25
145
0
0
3
3
3
3
3
3
3
3
3
3
3
25249
23697
3
0
13
3
3
0
729
17
3
3
3
3
3
3
17
9
3
0
11
3
3
3
9
0
3
3
0
3
3
0
0
1458419568449
43
172961
1380173
0
21
0
181433
13
3
11
21
83
11
41
41841
6521
0
365
61
3
3
0
41
5
3
5
5
5
5
5
659179633
49
11
0
39
11
5
5
41
5
3
3
3
3
3
3
19
0
3
5
5
3
3
3
0
5
3
3
5
3
3
0
73
0
75
145
77
75
0
9
9
9
3
9
5
5
5
5
0
9
11
5
5
3
3
3
9
5
3
3
5
3
3
0
545
17
11
9
9
9
5
5
9
5
3
3
5
3
3
0
17
9
9
5
5
3
3
0
9
5
3
0
5
0
0
0
0
0
0
0
0
0
529629879
0
2612532567531197416225524817134496825
0
131394793
281629680514649643
0
3987
0
0
0
253241
7899
0
2014525
0
23
128207979
31273
374213
19
0
53
495
31
0
481
0
31407499
125400505
0
0
15
0
121369
61
3
59
37
0
11
0
0
7465
251
581
29
19
0
119
9
9
9
15
9
15
15
0
8184343991108570561
1021273028302258913
1952155359851
113
141
14759563
1911
0
0
7
7
7
0
7
7
7085
231769777
56489
7
55
55
3
3
0
41
109
3
7
7
7
7
27
8609
440273
3915
0
109
27
5
5
425
5
3
0
5
5
5
7
213
9
7
5
5
0
5
7
9
5
0
7
5
7
7
0
6700417
28059810762433
834947
0
0
203
19
1657009
635311033
13
0
6433
69
101
13
25
0
25
7
0
397
99
7
395
425
5
19
7
5
7
7
0
24929
49
267
25
97
145
7
0
25
0
3
3
3
3
3
3
3
3
3
3
0
3
3
3
3
3
3
3
3
3
3
3
0
25249
3
23697
13
3
3
0
0
13
3
3
5
3
3
0
49
729
17
17
17
3
3
3
3
3
3
3
3
3
3
3
289
17
3
9
7
3
3
0
11
11
3
3
3
3
3
3
17
9
3
0
11
3
3
3
9
0
3
3
0
3
3
0
8162681060320781227354732669970957628221528536364154113
0
0
1458419568449
348621
43
0
172961
0
1380173
3
0
21
21
335
0
85489
181433
667
13
13
3
3
11
43305
21
3
83
9
11
11
41
0
41841
11
6521
21
0
7
365
20761
61
3
3
101
3
3
0
81
41
0
5
5
3
3
5
5
5
3
5
5
5
5
5
5156033
659179633
363
49
0
11
5
0
313
39
79
11
5
5
5
5
193
41
11
5
5
3
3
3
3
3
3
3
3
3
3
3
161
19
3
0
13
3
3
5
5
5
3
3
3
3
3
3
21
0
3
5
5
3
3
3
0
5
3
3
5
3
3
0
1169
73
0
0
1165
75
19
145
73
77
3
75
5
0
9
9
9
9
7
9
37
3
3
9
9
5
3
5
5
5
5
5
97
0
11
9
45
11
5
5
11
5
3
3
3
3
3
3
0
9
3
5
5
3
3
3
9
5
3
3
5
3
3
0
0
545
545
17
13
11
17
9
9
9
3
9
5
5
5
5
17
9
11
5
5
3
3
3
9
5
3
3
5
3
3
0
33
17
11
9
9
9
5
5
9
5
3
3
5
3
3
0
17
9
9
5
5
3
3
0
9
5
3
0
5
0
0
0
0
0
0
0
0
0
266873271
0
658823556478099638844868552626850361
0
0
0
69486590200517
529629879
32295
0
11501077245931562637775779202316801630183861087473
2612532567531197416225524817134496825
2123291
0
8619329432381
131394793
501
281629680514649643
4293493332009
0
499
3987
8285045
0
2015
0
0
0
63371
253241
550533037
7899
2967
0
0
2014525
3
0
69
23
0
128207979
2098601876689
31273
123
374213
61
19
19
0
9
53
19
495
17
31
31
0
42945869967482914033533438610579482671248706497
481
92267
0
552589
31407499
15
125400505
1050976759000569
0
123
0
15
15
13
0
0
121369
475
61
61
3
3
59
59
37
3
0
501
11
11
0
15693356961
0
11
7465
7457
251
5
581
929
29
3
19
5
0
11
119
145
9
9
9
29
9
0
15
9
9
9
15
9
15
15
0
19341496269324044355191429551299532962689
8184343991108570561
0
1021273028302258913
0
1952155359851
311
113
59421113
141
7227
14759563
901
1911
15
0
113
0
7
7
7
7
7
7
891
0
139
7
7
7
7
7085
0
231769777
14135
56489
7
7
7
55
28569
55
3
3
0
3
3
0
1105
41
123
109
17
3
3
7
9
7
3
7
7
7
7
27
30315167227743041
8609
27
440273
6877
3915
67
0
107
109
67
27
5
5
5
5
113
425
17
5
5
3
3
0
425
5
3
5
5
5
5
7
33
213
59
9
7
7
5
5
33
5
3
0
5
5
5
7
17
9
7
5
5
0
5
7
9
5
0
7
5
7
7
0
0
6700417
856985003
28059810762433
0
834947
1655
0
213457209
0
419
203
13381
19
103
1657009
888914039245809
635311033
27
13
13
0
101
6433
113
69
19
101
213
13
13
25
28772986948386930401
0
1595
25
7
7
7
0
25
397
0
99
421
7
7
395
789
425
6315
5
5
19
5
7
25
5
25
7
5
7
7
0
6785729
24929
195
49
13
267
55
25
25
97
99
145
5
7
7
0
49
25
145
0
0
3
3
3
3
3
3
3
3
3
3
3
3
3
3
3
13
3
3
3
1529
0
3
3
3
3
3
3
3
3
3
3
0
3
3
3
3
3
3
3
3
3
3
3
800637991553
0
3
25249
29
3
3
23697
185
13
3
3
13
3
3
0
23
0
23
13
13
3
3
3
1465
5
3
3
5
3
3
0
97
49
545
729
365
17
5
17
0
17
3
3
3
3
3
3
3
3
3
3
5
3
3
3
3
3
3
3
3
3
3
3
89
289
3
17
13
3
3
9
9
7
3
3
5
3
3
0
177
11
7
11
11
3
3
3
3
3
3
3
3
3
3
3
33
17
3
9
7
3
3
0
11
11
3
3
3
3
3
3
17
9
3
0
11
3
3
3
9
0
3
3
0
3
3
0
3988277269657485643092640278855716808376679563262465
8162681060320781227354732669970957628221528536364154113
171
0
1393565
0
16311
1458419568449
0
348621
3
43
677
0
43
172961
353996017
0
27
1380173
5389
3
3
0
21
21
3
21
21
335
21
0
197249846922463396298209
85489
1335
181433
21
667
0
13
665
13
3
3
13
3
3
11
21
43305
11
21
29
3
3
83
9
9
3
11
9
11
11
41
6064450648831974115777
0
23
41841
245
11
23
6521
2617
21
41
0
21
7
7
365
689
20761
81
61
61
3
3
3
41
101
3
3
21
3
3
0
161
81
11
41
801
0
5
5
5
5
3
3
5
3
3
5
5
5
0
5
5
3
3
5
5
5
3
5
5
5
5
5
0
5156033
43
659179633
643661
363
5
49
157
0
59
11
5
5
5
0
625
313
11
39
701
79
7
11
233
5
5
5
5
5
5
5
6179
193
11
41
0
11
5
5
41
5
3
3
3
3
3
3
3
3
3
3
5
3
3
3
3
3
3
3
3
3
3
3
0
161
3
19
13
3
3
0
321
13
3
3
5
3
3
5
5
5
11
5
5
3
3
3
3
3
3
3
3
3
3
3
321
21
3
0
7
3
3
5
5
5
3
3
3
3
3
3
17
0
3
5
5
3
3
3
0
5
3
3
5
3
3
0
160753137842561
1169
7083
73
2407
0
37
0
0
1165
3
75
5
19
291
145
145
73
155
77
37
3
3
75
41
5
3
0
5
9
9
9
9
9
0
9
7
7
7
9
9
37
3
3
9
3
3
9
89
9
9
5
5
3
3
5
5
5
3
5
5
5
5
5
337676481
97
27
0
71
11
5
9
9
45
9
11
5
5
5
5
35
11
11
5
5
3
3
3
3
3
3
3
3
3
3
3
35
0
3
9
9
3
3
5
5
5
3
3
3
3
3
3
0
9
3
5
5
3
3
3
9
5
3
3
5
3
3
0
137
0
43
545
77
545
275
17
17
13
3
11
5
17
9
9
9
9
7
9
13
3
3
9
9
5
3
5
5
5
5
5
0
17
11
9
21
11
5
5
11
5
3
3
3
3
3
3
17
9
3
5
5
3
3
3
9
5
3
3
5
3
3
0
2113
33
25
17
13
11
17
9
9
9
3
9
5
5
5
5
17
9
11
5
5
3
3
3
9
5
3
3
5
3
3
0
33
17
11
9
9
9
5
5
9
5
3
3
5
3
3
0
17
9
9
5
5
3
3
0
9
5
3
0
5
0
0
0
0
0
0
0
350256821210387902139172954854169456135991617913747018555148721203570727336582490273177744417744833942757162941785471714873433548591167311237890756238624694355124975011915217294305347493903739151394219098071126680639358367934657343349075714643599098223771087549120892820160245374534274339669471660251776205
0
0
0
0
0
17315
0
520981
266873271
130119
0
0
658823556478099638844868552626850361
539
0
8502748209
0
8103
0
543126377513
69486590200517
37395
529629879
0
32295
0
0
1649398765048200315949519653791781167051762445973884048388866760976824407351671324392734176035909311623569512588054026438520419990321154207730424865717217
11501077245931562637775779202316801630183861087473
34310252427
2612532567531197416225524817134496825
0
2123291
32407
0
0
8619329432381
3
131394793
501
501
47
281629680514649643
0
4293493332009
251
0
68125
499
39
3987
9
8285045
35
0
101
2015
63
0
1985
0
0
0
7925
63371
375
253241
158201
550533037
885091
7899
133
2967
31
0
9653235760191966167217
0
987
2014525
1229
3
3
0
2025
69
3
23
69
0
23
128207979
0
2098601876689
1099
31273
61
123
5
374213
61
61
3
19
5
19
0
0
273
9
19
53
125
19
35
495
9
17
17
31
17
31
31
0
0
42945869967482914033533438610579482671248706497
1009681963
481
9223533075831008467267661
92267
15671
0
257643244985
552589
15
31407499
15
15
15
125400505
0
1050976759000569
1435
0
31278781
123
963
0
0
15
15
15
0
13
13
0
2295428882261305318694443873
0
267
121369
237
475
37
61
473
61
3
3
15
3
3
59
81
59
59
37
17
3
3
0
941
501
3
11
15
11
11
0
7850149953
15693356961
239595
0
117
11
31
7465
1865
7457
233
251
5
5
5
581
89201
929
11
29
29
3
3
19
29
5
3
0
5
11
11
119
3780963
145
0
9
9
9
5
9
9
29
3
9
5
0
9
15
17
9
9
9
17
9
0
15
9
9
9
15
9
15
15
0
748562510497891950914832523023538552326584487220215461514373560065
19341496269324044355191429551299532962689
488043817387
8184343991108570561
63389773880269
0
1815
1021273028302258913
0
0
9059
1952155359851
453
311
461
113
113
59421113
283
141
0
7227
479
14759563
113
901
0
1911
9
15
15
0
0
113
14689931
0
7
7
7
7
1817
7
7
7
279
7
7
7
14289
891
7
0
29
139
7
7
9
7
7
7
7
7
7
7085
522560051351567389001409
0
235
231769777
221
14135
69
56489
221
7
7
7
117
7
7
55
14069
28569
7
55
55
3
3
3
9
0
3
3
7
3
3
0
55969
1105
55
41
109
123
7
109
1753
17
3
3
0
3
3
7
17
9
7
7
7
3
3
7
9
7
3
7
7
7
7
27
1879970559617
30315167227743041
68907
8609
437
27
55
440273
13753
6877
431
3915
109
67
27
0
0
107
7
109
61
67
7
27
0
5
5
5
5
5
5
5
113
113
11
425
1805
17
5
5
217
5
3
3
5
3
3
0
81
425
33
5
5
3
3
5
7
5
3
5
5
5
5
7
105
33
107
213
269
59
7
9
9
7
7
7
5
5
5
5
53
33
7
5
5
3
3
0
9
5
3
5
5
5
5
7
33
17
13
9
7
7
5
5
13
5
3
0
5
5
5
7
17
9
7
5
5
0
5
7
9
5
0
7
5
7
7
0
12428226134410911791466014791642535637028189633358162403822606216775559472394430313985
0
0
6700417
0
856985003
6692791
28059810762433
427992121
0
51
834947
0
1655
103
0
33011483045969258199498637738256113
213457209
27
0
117005
419
0
203
25961
13381
19
19
53
103
19
1657009
6947319183841
888914039245809
3233
635311033
429
27
407
13
104011
13
203
0
13
101
11
6433
205777
113
51
69
29
19
7
101
9
213
11
13
13
13
13
25
0
28772986948386930401
70251
0
306317
1595
6383
25
25
7
7
7
25
7
7
0
6353
25
7
397
199
0
7
99
297
421
17
7
7
7
7
395
37
789
99
425
493
6315
5
5
25
5
0
19
5
5
5
7
25
25
7
5
5
25
5
7
13
5
19
7
5
7
7
0
27440303569778049
6785729
3192195
24929
26132635213
195
19
49
0
13
803
267
207
55
13
25
1649
25
7
97
0
99
7
145
6185
5
19
7
5
7
7
0
3107
49
289
25
97
145
7
0
25
0
3
3
3
3
3
3
3
3
3
3
3
3
3
3
3
3
3
3
3
3
3
3
3
3
3
3
13
3
3
3
9
13
3
3
3
3
3
3
49
1529
3
0
65
3
3
3
3
3
3
3
3
3
3
3
3
3
3
3
7
3
3
3
9
0
3
3
3
3
3
3
3
3
3
3
0
3
3
3
3
3
3
3
3
3
3
3
429153671165148460289
800637991553
3
0
0
3
3
25249
29
29
3
3
197
3
3
23697
3032561
185
0
13
13
3
3
3
13
13
3
3
9
3
3
0
737
23
23
0
23
23
7
13
185
13
3
3
3
3
3
3
183
1465
3
5
5
3
3
3
9
5
3
3
5
3
3
0
5825
97
23
49
13
545
23
729
193
365
3
17
5
5
5
17
17
0
17
17
17
3
3
3
3
3
3
3
3
3
3
3
3
3
3
3
13
3
3
3
0
5
3
3
3
3
3
3
3
3
3
3
5
3
3
3
3
3
3
3
3
3
3
3
0
89
3
289
2845
3
3
17
25
13
3
3
25
3
3
9
0
9
7
7
7
3
3
3
9
5
3
3
5
3
3
0
97
177
11
11
7
7
5
11
11
11
3
3
3
3
3
3
3
3
3
3
5
3
3
3
3
3
3
3
3
3
3
3
1089
33
3
17
13
3
3
9
9
7
3
3
5
3
3
0
19
11
7
11
11
3
3
3
3
3
3
3
3
3
3
3
33
17
3
9
7
3
3
0
11
11
3
3
3
3
3
3
17
9
3
0
11
3
3
3
9
0
3
3
0
3
3
0
0
3988277269657485643092640278855716808376679563262465
0
8162681060320781227354732669970957628221528536364154113
191841342690353357
171
21797
0
6583060565936927921956143673
1393565
3
0
85
16311
0
1458419568449
6566011525947449149869618417
0
5767
348621
2777917
3
3
43
693577
677
3
0
53
43
1355
172961
0
353996017
675
0
5397
27
87
1380173
25
5389
3
3
421
3
3
0
21
21
1427
21
21
3
3
21
8713
21
3
335
17
21
21
0
376344157067805633
197249846922463396298209
107
85489
167
1335
47
181433
1417
21
99
667
21
0
13
13
177
665
187
13
13
3
3
3
13
13
3
3
21
3
3
11
84707
21
11
43305
13
11
0
21
11
29
3
3
13
3
3
83
0
9
9
9
11
3
3
11
9
9
3
11
9
11
11
41
377671296349462410113
6064450648831974115777
2619
0
1309
23
23
41841
10457
245
41
11
0
23
11
6521
657
2617
7
21
653
41
7
0
41
21
83
7
21
7
7
365
2595
689
11
20761
81
81
7
61
91
61
3
3
3
3
3
3
81
41
3
101
17
3
3
3
9
21
3
3
21
3
3
0
164673
161
163
81
13
11
83
41
321
801
3
0
5
5
5
5
5
5
5
5
5
3
3
3
5
5
3
3
5
3
3
5
5
5
43
5
5
0
5
5
5
5
3
3
5
3
3
5
5
5
0
5
5
3
3
5
5
5
3
5
5
5
5
5
3349466085690991760519032483125317138177
0
161195
5156033
10087
43
5
659179633
164745529
643661
0
363
5
5
5
49
49
157
27
0
49
59
79
11
11
5
5
5
5
5
5
0
39
625
11
313
21
11
5
39
25
701
3
79
5
7
7
11
17
233
11
5
5
5
5
5
5
5
5
5
5
5
5
5
705
6179
619
193
41
11
5
41
193
0
41
11
5
5
5
5
155
41
11
5
5
3
3
3
3
3
3
3
3
3
3
3
3
3
3
3
0
3
3
3
5
5
3
3
3
3
3
3
3
3
3
3
5
3
3
3
3
3
3
3
3
3
3
3
621201
0
3
161
29
3
3
19
0
13
3
3
5
3
3
0
151
321
155
13
13
3
3
3
113
5
3
3
5
3
3
5
5
5
11
5
5
11
5
5
5
5
3
3
3
3
3
3
3
3
3
3
5
3
3
3
3
3
3
3
3
3
3
3
304963
321
3
21
7
3
3
0
65
7
3
3
5
3
3
5
5
5
7
5
5
3
3
3
3
3
3
3
3
3
3
3
33
17
3
0
7
3
3
5
5
5
3
3
3
3
3
3
17
0
3
5
5
3
3
3
0
5
3
3
5
3
3
0
0
160753137842561
37419
1169
613011149
7083
0
73
57
2407
3
0
5
37
37
0
74545
0
91
1165
37
3
3
75
41
5
3
19
5
291
19
145
4749793
145
75
73
77
155
7
77
25
37
3
3
37
3
3
75
166609
41
91
5
5
3
3
0
9
5
3
9
5
9
9
9
9
9
23
9
45
0
23
9
9
7
7
7
5
7
7
9
19
9
7
37
37
3
3
3
9
9
3
3
7
3
3
9
37
89
0
9
9
9
5
5
5
5
3
3
5
3
3
5
5
5
7
5
5
3
3
5
5
5
3
5
5
5
5
5
289185
337676481
43
97
0
27
5
0
185
71
19
11
5
5
5
9
53
9
7
45
45
9
7
11
9
5
5
5
5
5
5
5
35
35
11
11
35
11
5
5
11
5
3
3
3
3
3
3
3
3
3
3
5
3
3
3
3
3
3
3
3
3
3
3
321
35
3
0
13
3
3
9
9
9
3
3
5
3
3
5
5
5
11
5
5
3
3
3
3
3
3
3
3
3
3
3
35
0
3
9
7
3
3
5
5
5
3
3
3
3
3
3
0
9
3
5
5
3
3
3
9
5
3
3
5
3
3
0
273
137
0
0
77
43
37
545
545
77
3
545
5
275
0
17
17
17
17
13
13
3
3
11
13
5
3
17
5
9
9
9
9
9
11
9
7
7
7
9
9
13
3
3
9
3
3
9
17
9
9
5
5
3
3
5
5
5
3
5
5
5
5
5
193
0
43
17
13
11
5
9
9
21
9
11
5
5
5
5
17
11
11
5
5
3
3
3
3
3
3
3
3
3
3
3
0
17
3
9
9
3
3
5
5
5
3
3
3
3
3
3
17
9
3
5
5
3
3
3
9
5
3
3
5
3
3
0
0
2113
555
33
29
25
19
17
17
13
3
11
5
17
9
9
9
9
7
9
13
3
3
9
9
5
3
5
5
5
5
5
33
17
11
9
21
11
5
5
11
5
3
3
3
3
3
3
17
9
3
5
5
3
3
3
9
5
3
3
5
3
3
0
65
33
25
17
13
11
17
9
9
9
3
9
5
5
5
5
17
9
11
5
5
3
3
3
9
5
3
3
5
3
3
0
33
17
11
9
9
9
5
5
9
5
3
3
5
3
3
0
17
9
9
5
5
3
3
0
9
5
3
0
5
0
0
0
0
0
15768239117497441961802818584371774559865383103057079303308292475005930782565450545595121449877000958130625987275871197606303761478648900265961528366161640946880154851086116658575358746225739012830474573497959291669574149130334108885990775476202083664592166797773264231708990432564560043233741107159761105402251443468976990690746511240090055864774909019432213738998685366836314317008275342351919293907868805428613614890686439305976263065285018738425810008896456321652659519253876657587293047927265832383351325972508757226175163341474993236504281613266375865110320632072812688287542560919713173063457357214471625387
0
0
0
323964902701661192518597869919671
0
644147107225577197517091652163479697762148290342783161300510397344122573677282675590927367054533773298505444116953333305
350256821210387902139172954854169456135991617913747018555148721203570727336582490273177744417744833942757162941785471714873433548591167311237890756238624694355124975011915217294305347493903739151394219098071126680639358367934657343349075714643599098223771087549120892820160245374534274339669471660251776205
1234624397592626638905968547
0
1176856480520446994117
0
1203560175
0
0
0
25049627
0
280039495778109
17315
16295
0
726317727069567866168683945014061544347397409833
520981
0
266873271
260309
130119
17309
0
8679078681241188512695344269579827670125049153730780469459875421511424058823583222594826808511919073
0
0
658823556478099638844868552626850361
18281602644111625133
539
24471
0
4458970670992409
8502748209
3
0
1013
8103
523
0
4450360452040913
543126377513
34997717595
69486590200517
541
37395
9095
529629879
9
0
1011
32295
5045
0
8127
0
0
1649398765048200315949519653791781167051762445973884048388866760976824407351671324392734176035909311623569512588054026438520419990321154207730424865717217
138473492757611
11501077245931562637775779202316801630183861087473
0
34310252427
96631
2612532567531197416225524817134496825
505
0
518883
2123291
129157
32407
1037
0
134773749937
0
8155
8619329432381
253
3
3
131394793
0
501
3
501
133
47
0
281629680514649643
8596801622945
0
1024331
4293493332009
8557
251
5
0
4057
68125
3
499
5
39
37
3987
31889
9
187
8285045
125
35
35
0
9
101
35
2015
33
63
63
0
596858792087395661440439897374956516810675340428352328224542195945970696656999166658109595340268544618135903285121
1985
286000903623049264683
0
17038920321101
0
16495927
0
0
7925
63385
63371
12869
375
31
253241
1087405333276913
158201
251
550533037
8893
885091
31
7899
16204713
133
185
2967
31
31
31
0
17191330501473
9653235760191966167217
528715617211
0
125997
987
247
2014525
64449689
1229
3
3
77
3
3
0
15713
2025
23
69
23
3
3
23
155
69
3
0
245
23
23
128207979
2421215602021404250644341882689
0
7835
2098601876689
500237
1099
31
31273
4000121
61
1251
123
5
5
5
374213
249425
61
563
61
61
3
3
19
137
5
3
19
5
0
19
0
78625
273
379
9
493
19
5
53
545
125
3
19
5
35
0
495
17
9
17
17
17
17
17
31
9
17
17
31
17
31
31
0
40546949786185066289758626840751031807824401445146702341537473163087150102819872787529777179462870390691733653490179137636734678179967708299255586499065961785418046339919539980654607059681592116410483567063440879361
0
123307
42945869967482914033533438610579482671248706497
8075366557
1009681963
62063
481
0
9223533075831008467267661
30883
92267
9669
15671
15855
0
0
257643244985
0
552589
61
15
15
31407499
47913
15
15
15
733
15
15
125400505
578175872530616787537539809
0
91787
1050976759000569
0
1435
15
0
1917
31278781
15
123
239
963
15
0
1907
0
507
15
93
15
7
15
301
0
179
13
13
13
13
0
0
2295428882261305318694443873
1899
0
121437
267
119
121369
500473
237
297
475
37
37
13
61
0
473
475
61
61
3
3
3
297
15
3
3
0
3
3
59
241345
81
75
59
4717
59
15
37
125
17
3
3
37
3
3
0
17
941
59
501
11
3
3
11
11
15
3
11
15
11
11
0
4976734032254100232433768862452211896001
7850149953
7724331
15693356961
239437
239595
935
0
73
117
467
11
31
31
11
7465
22385
1865
539
7457
61
233
31
251
233
5
5
5
5
5
5
581
4705
89201
11
929
2093
11
5
29
29
29
3
3
5
3
3
19
29
29
19
5
5
3
3
0
233
5
3
11
5
11
11
119
65
3780963
491
145
173
0
119
9
9
9
9
9
5
5
5
9
467
9
11
29
29
3
3
9
9
5
3
0
5
9
9
15
115
17
11
9
9
9
5
9
9
17
3
9
5
0
9
15
17
9
9
9
17
9
0
15
9
9
9
15
9
15
15
0
81797260862720232816800343663996198701592702480859538156278681180321413870873932704640019230557953782114143862746811091950715183607874039638559334966464404184657125891027012839697928496678769532392985857915160342401923493116914887569707057408747433732175059705619770997288315624728707747476258884223063766068737
748562510497891950914832523023538552326584487220215461514373560065
4000595114895531
19341496269324044355191429551299532962689
15254442701
488043817387
7912375
8184343991108570561
57
63389773880269
0
0
232645
1815
171
1021273028302258913
331350387214246239645048006405662543176108037185265
0
931867
0
5437
9059
23
1952155359851
3625
453
19
311
53
461
283
113
0
113
907
59421113
903
283
15
141
3609
0
15
7227
37
479
11
14759563
944510067
113
113
901
29
0
903
1911
9
9
9
15
9
15
15
0
449
0
0
113
141
14689931
120119
0
0
7
7
7
7
7
7
7
449
1817
7
7
7
7
7
7
5609
279
0
7
7
7
7
7
4513
14289
114507
891
7
7
5
0
445
29
15
139
5
7
7
7
59
9
7
7
7
7
7
7
9
7
7
7
7
7
7
7085
18389758482533300959810829533994651073
522560051351567389001409
1771
0
7247361
235
19
231769777
57
221
35
14135
69
69
69
56489
28273
221
7
7
7
7
7
7
57
117
19
7
7
7
7
55
29025
14069
55
28569
7
7
7
55
3513
55
3
3
3
3
3
3
55
9
3
0
221
3
3
3
9
7
3
3
7
3
3
0
8945985
55969
875
1105
29
55
29
41
4361
109
3
123
5
7
7
109
245
1753
17
17
17
3
3
3
17
0
3
3
7
3
3
7
6945
17
7
9
7
7
7
7
11
7
3
3
0
3
3
7
17
9
7
7
7
3
3
7
9
7
3
7
7
7
7
27
508916768462643484028417
1879970559617
0
30315167227743041
461
68907
37
8609
440697
437
27
27
21
55
27
440273
13749
13753
27
6877
61
431
7
3915
57
109
31
67
9
27
27
0
14561
0
1719
107
7
7
7
109
57
61
3
67
57
7
7
27
1761
0
27
5
5
5
5
5
5
5
5
5
5
5
5
5
0
113
27
113
93
11
5
425
425
1805
107
17
5
5
5
5
1713
217
17
5
5
3
3
3
0
5
3
3
5
3
3
0
161
81
119
425
33
33
5
5
5
5
3
3
5
3
3
5
7
7
7
5
5
3
3
5
7
5
3
5
5
5
5
7
13441
105
843
33
60749
107
7
213
249
269
35
59
5
7
7
9
211
9
7
7
7
7
7
7
9
5
5
5
5
5
5
5
225
53
11
33
7
7
5
5
57
5
3
3
5
3
3
0
209
9
13
5
5
3
3
5
7
5
3
5
5
5
5
7
65
33
65
17
13
13
7
9
9
7
7
7
5
5
5
5
21
13
7
5
5
3
3
0
9
5
3
5
5
5
5
7
33
17
13
9
7
7
5
5
13
5
3
0
5
5
5
7
17
9
7
5
5
0
5
7
9
5
0
7
5
7
7
0
0
12428226134410911791466014791642535637028189633358162403822606216775559472394430313985
14777559570272106155
0
205
0
6583
6700417
0
0
1635
856985003
3269
6692791
103
28059810762433
4043057709457294846789186706673
427992121
6686075
0
829
51
51
834947
2089
0
51
1655
53
103
51
0
13983620034529
33011483045969258199498637738256113
216622987
213457209
1633
27
407
0
52025
117005
27
419
165
0
109
203
103889
25961
103
13381
29
19
7
19
27
53
19
103
19
19
19
1657009
0
6947319183841
0
888914039245809
25869
3233
101
635311033
505
429
41
27
101
407
13
13
105701945
104011
907
13
13
203
0
0
13
13
19
101
101
11
11
6433
201
205777
11
113
13
51
5
69
2409
29
51
19
5
7
7
101
213
9
19
213
29
11
7
13
9
13
11
13
13
13
13
25
35891921401635874318859544287927863974570881
0
204683
28772986948386930401
3348979277
70251
3255
0
1024441
306317
803
1595
109
6383
299
25
1657009
25
7
7
7
7
7
7
6365
25
25
7
7
7
7
0
3177
6353
107
25
7
7
7
397
25
199
3
0
101
7
7
99
3217
297
99
421
17
17
7
7
17
7
7
7
7
7
7
395
7105
37
407
789
13
99
31
425
505
493
99
6315
5
5
5
5
100945
25
17
5
5
0
5
19
25
5
5
5
5
5
5
7
417
25
43
25
7
7
5
5
25
5
0
25
5
5
5
7
17
13
7
5
5
19
5
7
13
5
19
7
5
7
7
0
61801562013432949273566331333377
27440303569778049
1596939
6785729
781
3192195
55
24929
2361
26132635213
73
195
453
19
111
49
49
0
123
13
13
803
195
267
73
207
19
55
389
13
13
25
97
1649
97
25
7
7
7
97
25
0
387
99
97
7
7
145
145
6185
97
5
5
19
5
7
25
5
25
7
5
7
7
0
193
3107
3275
49
13
289
55
25
25
97
99
145
5
7
7
0
49
25
145
0
0
3
3
3
3
3
3
3
3
3
3
3
3
3
3
3
3
3
3
3
3
3
3
3
3
3
3
3
3
3
3
3
3
3
3
3
3
3
3
3
3
3
3
3
3
3
3
3
3047
3
3
3
107
13
3
3
3
3
3
3
49
9
3
13
13
3
3
3
3
3
3
3
3
3
3
3
97
49
3
1529
71
3
3
0
473
65
3
3
3
3
3
3
3
3
3
3
3
3
3
3
3
3
3
3
3
3
3
3
3
3
3
3
13
3
3
3
9
7
3
3
3
3
3
3
49
9
3
0
47
3
3
3
3
3
3
3
3
3
3
3
3
3
3
3
7
3
3
3
9
0
3
3
3
3
3
3
3
3
3
3
0
3
3
3
3
3
3
3
3
3
3
3
882496532976274661173761
429153671165148460289
3
800637991553
2285773
3
3
0
11897
0
3
3
749
3
3
25249
53459
29
27
29
29
3
3
3
105
197
3
3
29
3
3
23697
23785
3032561
139
185
237
0
47
13
13
13
3
3
3
3
3
3
99025
13
3
13
13
3
3
3
9
9
3
3
9
3
3
0
1473
737
23
23
13
23
23
0
2953
23
3
23
47
7
7
13
185
185
0
13
13
3
3
3
3
3
3
3
3
3
3
3
755
183
3
1465
13
3
3
5
5
5
3
3
3
3
3
3
23
9
3
5
5
3
3
3
9
5
3
3
5
3
3
0
11649
5825
91
97
205
23
23
49
57
13
3
545
5
23
13
729
5809
193
27
365
93
3
3
17
17
5
3
5
5
5
5
17
385
17
23
0
181
17
5
17
113
17
3
3
3
3
3
3
3
3
3
3
3
3
3
3
3
3
3
3
3
3
3
3
3
3
3
3
13
3
3
3
45
13
3
3
3
3
3
3
113
0
3
5
5
3
3
3
3
3
3
3
3
3
3
3
3
3
3
3
7
3
3
3
0
5
3
3
3
3
3
3
3
3
3
3
5
3
3
3
3
3
3
3
3
3
3
3
2849
0
3
89
359
3
3
289
57
2845
3
3
25
3
3
17
17
25
7
13
13
3
3
3
361
25
3
3
9
3
3
9
101
0
23
9
7
7
7
7
25
7
3
3
3
3
3
3
17
9
3
5
5
3
3
3
9
5
3
3
5
3
3
0
193
97
2113
177
397
11
11
11
11
7
3
7
5
5
5
11
0
11
7
11
11
3
3
3
3
3
3
3
3
3
3
3
3
3
3
3
11
3
3
3
11
5
3
3
3
3
3
3
3
3
3
3
5
3
3
3
3
3
3
3
3
3
3
3
177
1089
3
33
33
3
3
17
17
13
3
3
11
3
3
9
17
9
7
7
7
3
3
3
9
5
3
3
5
3
3
0
353
19
11
11
7
7
5
11
11
11
3
3
3
3
3
3
3
3
3
3
5
3
3
3
3
3
3
3
3
3
3
3
65
33
3
17
13
3
3
9
9
7
3
3
5
3
3
0
19
11
7
11
11
3
3
3
3
3
3
3
3
3
3
3
33
17
3
9
7
3
3
0
11
11
3
3
3
3
3
3
17
9
3
0
11
3
3
3
9
0
3
3
0
3
3
0
11063574138412723943412089575055489714920735405868199539386305889284240140307418563159121283962465185617222811104890501214704988644352567395348829500752348421287290914065147605542913
0
683
3988277269657485643092640278855716808376679563262465
12287829521209029837
0
67032503
8162681060320781227354732669970957628221528536364154113
3069960333411113417
191841342690353357
3
171
1439429
21797
171
0
6131948038180821233
6583060565936927921956143673
32667
1393565
87089
3
3
0
0
85
3
16311
85
0
85
1458419568449
48928517918914079713
6566011525947449149869618417
1697
0
2784893
5767
53
348621
347211
2777917
3
3
1525
3
3
43
16593
693577
43
677
349
3
3
0
45
53
3
43
53
1355
43
172961
5941937211701185
0
21611
353996017
2701
675
87
0
4244535801
5397
21603
27
133
87
0
1380173
12465
25
179
5389
253
3
3
3
5385
421
3
3
757
3
3
0
11425
21
11
21
21
1427
21
21
1385
21
3
3
21
3
3
21
21
8713
27
21
21
3
3
335
17
17
3
21
17
21
21
0
0
376344157067805633
22059
197249846922463396298209
10733
107
167
85489
5470425
167
339
1335
335
47
43
181433
2673
1417
209
21
125
99
7
667
1353
21
43
0
21
13
13
13
172961
177
2827
665
13
187
43
13
353
13
3
3
3
3
3
3
337
13
3
13
13
3
3
3
169
21
3
3
11
3
3
11
677761
84707
11
21
13
11
11
43305
93
13
3
11
5
0
11
21
49
11
11
29
29
3
3
3
13
13
3
3
21
3
3
83
165
0
11
9
9
9
0
9
9
11
3
3
9
3
3
11
17
9
9
9
11
3
3
11
9
9
3
11
9
11
11
41
704264595201
377671296349462410113
87
6064450648831974115777
10805
2619
99511
0
10553
1309
675
23
1349
23
23
41841
0
10457
41
245
1309
41
23
11
41
0
11
23
9
11
11
6521
163
657
11
2617
7
7
7
21
331
653
3
41
21
7
7
0
21
41
327
21
61
83
7
7
9
21
11
7
13
7
7
365
21591745
2595
203
689
13
11
47
20761
81
81
31
81
0
7
7
61
81
91
81
61
61
3
3
3
3
3
3
3
3
3
3
3
41
81
3
41
13
3
3
101
121
17
3
3
3
3
3
3
17
9
3
21
11
3
3
3
9
21
3
3
21
3
3
0
344891991681
164673
43
161
24397
163
21
81
41145
13
3
11
21
83
11
41
641
321
331
801
61
3
3
0
41
5
3
5
5
5
5
5
5
5
5
5
5
5
5
5
5
5
3
3
3
3
3
3
5
5
3
5
5
3
3
3
5
5
3
3
5
3
3
5
5
5
23
5
5
43
5
5
9
5
3
0
5
5
5
5
5
5
5
5
5
3
3
3
5
5
3
3
5
3
3
5
5
5
11
5
5
0
5
5
5
5
3
3
5
3
3
5
5
5
0
5
5
3
3
5
5
5
3
5
5
5
5
5
3430368496814685007801198063871401860015617
3349466085690991760519032483125317138177
6611115
0
644813
161195
5
5156033
0
10087
59
43
5
5
5
659179633
10798380644081
164745529
27
643661
317
0
23
363
2521
5
5
5
5
5
5
49
2529
49
30091
157
333
27
5
0
2585
49
3
59
5
79
11
11
157
11
11
5
5
5
5
5
9
5
5
5
5
5
5
0
2497
39
39
625
39
11
11
313
79809
21
0
11
5
5
5
39
4981
25
11
701
157
3
3
79
41
5
3
7
5
7
7
11
165
17
11
233
97
11
5
5
5
5
3
5
5
5
5
5
5
5
23
5
5
5
5
5
5
5
5
5
5
5
5
5
1266057
705
1239
6179
29
619
5
193
39865
41
35
11
5
5
5
41
53
193
11
0
165
41
7
11
41
5
5
5
5
5
5
5
1269
155
11
41
77
11
5
5
41
5
3
3
3
3
3
3
3
3
3
3
3
3
3
3
3
3
3
3
3
3
3
3
3
3
3
3
13
3
3
3
79
0
3
3
3
3
3
3
5
5
3
5
5
3
3
3
3
3
3
3
3
3
3
3
3
3
3
3
0
3
3
3
5
5
3
3
3
3
3
3
3
3
3
3
5
3
3
3
3
3
3
3
3
3
3
3
0
621201
3
0
77
3
3
161
29
29
3
3
5
3
3
19
19
0
19
13
13
3
3
3
13
5
3
3
5
3
3
0
2529
151
11
321
77
155
23
13
19
13
3
3
3
3
3
3
19
113
3
5
5
3
3
3
5
5
3
3
5
3
3
5
5
5
27
5
5
11
5
5
0
5
3
11
5
5
5
5
5
5
11
5
5
3
3
3
3
3
3
3
3
3
3
3
3
3
3
3
13
3
3
3
5
5
3
3
3
3
3
3
3
3
3
3
5
3
3
3
3
3
3
3
3
3
3
3
149
304963
3
321
7
3
3
21
43
7
3
3
5
3
3
0
339
65
7
7
7
3
3
3
29
5
3
3
5
3
3
5
5
5
11
5
5
7
5
5
5
5
3
3
3
3
3
3
3
3
3
3
5
3
3
3
3
3
3
3
3
3
3
3
65
33
3
17
7
3
3
0
37
7
3
3
5
3
3
5
5
5
7
5
5
3
3
3
3
3
3
3
3
3
3
3
33
17
3
0
7
3
3
5
5
5
3
3
3
3
3
3
17
0
3
5
5
3
3
3
0
5
3
3
5
3
3
0
679305403188634625
0
7359721131
160753137842561
1206893
37419
147
1169
12857
613011149
3
7083
5
0
73
73
306057521
57
219
2407
293
3
3
0
41
5
3
37
5
37
583
0
18657
74545
439
0
16301
91
7
1165
25
37
3
3
23
3
3
75
21
41
91
5
5
3
3
19
41
5
3
291
5
19
19
145
19002305
4749793
291
145
77
75
0
73
9273
77
41
155
5
7
7
77
3761
25
91
37
37
3
3
3
41
37
3
3
73
3
3
75
289
166609
11
41
289
91
5
5
217
5
3
3
5
3
3
0
145
9
9
5
5
3
3
9
9
5
3
9
5
9
9
9
9
9
4651
9
77
23
23
9
9
45
9
0
37
23
9
9
9
9
7
7
7
7
7
7
9
5
9
7
5
7
7
9
161
19
19
9
7
7
7
37
19
37
3
3
3
3
3
3
9
9
3
9
9
3
3
3
9
7
3
3
7
3
3
9
9153
37
27
89
39
0
19
9
9
9
3
9
5
5
5
5
5
5
5
5
5
3
3
3
5
5
3
3
5
3
3
5
5
5
0
5
5
7
5
5
5
5
3
3
5
3
3
5
5
5
7
5
5
3
3
5
5
5
3
5
5
5
5
5
4776705
289185
107
337676481
53
43
5
97
313
0
27
27
5
5
5
0
1145
185
27
71
37
19
71
11
11
5
5
5
5
5
5
9
1125
53
11
9
7
7
5
45
11
45
3
9
5
7
7
11
145
9
11
5
5
5
5
5
5
5
5
5
5
5
5
5
705
35
23
35
0
11
5
11
11
35
11
11
5
5
5
5
35
11
11
5
5
3
3
3
3
3
3
3
3
3
3
3
3
3
3
3
9
3
3
3
5
5
3
3
3
3
3
3
3
3
3
3
5
3
3
3
3
3
3
3
3
3
3
3
141
321
3
35
77
3
3
0
555
13
3
3
5
3
3
9
9
9
9
9
13
3
3
3
9
5
3
3
5
3
3
5
5
5
11
5
5
11
5
5
5
5
3
3
3
3
3
3
3
3
3
3
5
3
3
3
3
3
3
3
3
3
3
3
69
35
3
0
7
3
3
9
9
7
3
3
5
3
3
5
5
5
7
5
5
3
3
3
3
3
3
3
3
3
3
3
37
0
3
9
7
3
3
5
5
5
3
3
3
3
3
3
0
9
3
5
5
3
3
3
9
5
3
3
5
3
3
0
8737
273
171
137
205
0
275
0
171
77
3
43
5
37
35
545
273
545
27
77
317
3
3
545
41
5
3
275
5
0
17
17
17
17
17
17
17
17
7
13
13
13
3
3
13
3
3
11
17
13
11
5
5
3
3
17
9
5
3
9
5
9
9
9
9
9
0
9
13
11
37
9
9
7
7
7
5
7
7
9
17
9
7
13
13
3
3
3
9
9
3
3
7
3
3
9
17
17
11
9
9
9
5
5
5
5
3
3
5
3
3
5
5
5
7
5
5
3
3
5
5
5
3
5
5
5
5
5
139649
193
43
0
135
43
5
17
43
13
19
11
5
5
5
9
145
9
7
21
21
9
7
11
9
5
5
5
5
5
5
5
17
17
11
11
21
11
5
5
11
5
3
3
3
3
3
3
3
3
3
3
5
3
3
3
3
3
3
3
3
3
3
3
67
0
3
17
13
3
3
9
9
9
3
3
5
3
3
5
5
5
11
5
5
3
3
3
3
3
3
3
3
3
3
3
0
17
3
9
7
3
3
5
5
5
3
3
3
3
3
3
17
9
3
5
5
3
3
3
9
5
3
3
5
3
3
0
265
0
267
2113
269
555
549
33
29
29
3
25
5
19
33
17
17
17
17
13
13
3
3
11
13
5
3
17
5
9
9
9
9
9
11
9
7
7
7
9
9
13
3
3
9
3
3
9
17
9
9
5
5
3
3
5
5
5
3
5
5
5
5
5
0
33
27
17
13
11
5
9
9
21
9
11
5
5
5
5
17
11
11
5
5
3
3
3
3
3
3
3
3
3
3
3
33
17
3
9
9
3
3
5
5
5
3
3
3
3
3
3
17
9
3
5
5
3
3
3
9
5
3
3
5
3
3
0
8321
65
43
33
29
25
19
17
17
13
3
11
5
17
9
9
9
9
7
9
13
3
3
9
9
5
3
5
5
5
5
5
33
17
11
9
21
11
5
5
11
5
3
3
3
3
3
3
17
9
3
5
5
3
3
3
9
5
3
3
5
3
3
0
65
33
25
17
13
11
17
9
9
9
3
9
5
5
5
5
17
9
11
5
5
3
3
3
9
5
3
3
5
3
3
0
33
17
11
9
9
9
5
5
9
5
3
3
5
3
3
0
17
9
9
5
5
3
3
0
9
5
3
0
5
0
0
0
0
0
0
0
0
15768239117497441961802818584371774559865383103057079303308292475005930782565450545595121449877000958130625987275871197606303761478648900265961528366161640946880154851086116658575358746225739012830474573497959291669574149130334108885990775476202083664592166797773264231708990432564560043233741107159761105402251443468976990690746511240090055864774909019432213738998685366836314317008275342351919293907868805428613614890686439305976263065285018738425810008896456321652659519253876657587293047927265832383351325972508757226175163341474993236504281613266375865110320632072812688287542560919713173063457357214471625387
0
0
27999773083142410053233342304052724887753144789384104389163339515321698851173523079055224638861267404424971701962869473806782562147617493755052587639718404716285816155423065479987508632664320173498092181456770209677262642030578798670239489340438081690258504220988269432738600074533181721628134184116652281756900111933778443019724298209465689282022869528210950546691043977691015274292471964824111177494746152663186542647731198599781500343824700219861209470528494554457982632261839297441795380372303519755000713469997808932654258363475686991565729980217686910239124204565990189200820742290497464004153
0
0
0
0
323964902701661192518597869919671
2195272027887
0
87596205864895402983520779183287841813520622679610504214121126157988878453161633881207687816985033997378542516687242469318450368529378303078497956213655317031437638408997678292752939262393029172592560824502378252570666674305012976720142823993581306937922041995169349855011448867574474993219810612559007985
644147107225577197517091652163479697762148290342783161300510397344122573677282675590927367054533773298505444116953333305
0
350256821210387902139172954854169456135991617913747018555148721203570727336582490273177744417744833942757162941785471714873433548591167311237890756238624694355124975011915217294305347493903739151394219098071126680639358367934657343349075714643599098223771087549120892820160245374534274339669471660251776205
36942901074439876413
1234624397592626638905968547
0
0
161765607373118640976497192287273
1176856480520446994117
4188691
0
2155061
1203560175
522439
0
0
0
34213564299
0
693764830731739878088686091172547516103597
25049627
130455
0
630668876294768326069536783385
280039495778109
3
17315
32589
16295
175
0
0
726317727069567866168683945014061544347397409833
1563387
520981
541
0
16533
266873271
9
260309
139
130119
0
17309
0
0
0
8679078681241188512695344269579827670125049153730780469459875421511424058823583222594826808511919073
675043746171770899958249427715020893291
0
148284602184333
0
1116293717395831
658823556478099638844868552626850361
0
18281602644111625133
33250019
539
544636549573
24471
32457
0
44164802288495797117239357932927207024175281
4458970670992409
4059
8502748209
0
3
3
0
66922473
1013
3
8103
1013
523
87
0
611726674015312113594696609
4450360452040913
198926667
543126377513
532404001
34997717595
5
69486590200517
517657
541
3
37395
5
9095
75
529629879
8337
9
1073
0
2525
1011
69
32295
9
5045
67
0
197
8127
127
0
8065
0
145251209853974687275
1649398765048200315949519653791781167051762445973884048388866760976824407351671324392734176035909311623569512588054026438520419990321154207730424865717217
0
138473492757611
257957
11501077245931562637775779202316801630183861087473
2267915227695895993
0
131978601
34310252427
4123365
96631
1007
2612532567531197416225524817134496825
0
505
0
0
66169533
518883
16167
2123291
131756969
129157
4083
32407
157
1037
63
0
583016932294902625
134773749937
263198475
0
1027873
8155
503
8619329432381
5017
253
3
3
2037
3
3
131394793
2102065489
0
595
501
317
3
3
501
70097
133
3
47
133
0
43
281629680514649643
0
8596801622945
4430034210795
0
125
1024331
31991
4293493332009
69597561
8557
1251
251
5
5
5
0
0
4057
39
68125
125
3
3
499
265
5
3
39
5
37
0
3987
510273
31889
1121
9
1261
187
5
8285045
249
125
3
35
5
35
35
0
17
9
17
101
17
35
35
2015
9
33
33
63
33
63
63
0
0
596858792087395661440439897374956516810675340428352328224542195945970696656999166658109595340268544618135903285121
644245399447996153232973310238151083
1985
33741
286000903623049264683
130042771
0
8125753
17038920321101
276210339
0
8122901
16495927
31
0
1098101551198193
0
3963
7925
210970173
63385
279
63371
633641
12869
31
375
31
31
31
253241
0
1087405333276913
2074069731
158201
199039718061
251
4943
550533037
1051417
8893
16795
885091
1007
31
31
7899
8145
16204713
187
133
93
185
7
2967
0
31
31
31
0
31
31
0
145417601231756516486849
17191330501473
516505879
9653235760191966167217
31533
528715617211
9847
0
249
125997
31
987
0
247
31
2014525
1969
64449689
251729
1229
985
3
3
3
79593
77
3
3
31
3
3
0
125665
15713
1963
2025
23
23
23
69
31385
23
3
3
69
3
3
23
245
155
123
69
23
3
3
0
153
245
3
23
31
23
23
128207979
0
2421215602021404250644341882689
62763
0
500765
7835
275
2098601876689
7817
500237
1955
1099
31
31
31
31273
3998577
4000121
61
61
61
1251
23
123
500393
5
5
5
5
5
5
374213
609
249425
2923
61
61
563
5
61
1947
61
3
3
5
3
3
19
19
137
19
5
5
3
3
19
61
5
3
0
5
19
19
0
4071794501
78625
91
273
0
379
487
9
9
493
9
19
5
5
5
53
969
545
91
125
125
3
3
19
9
5
3
35
5
0
19
495
545
17
17
9
17
17
5
17
61
17
3
17
5
17
0
31
17
9
17
17
17
17
17
31
9
17
17
31
17
31
31
0
904331070221794066437936433282747216841681749289576590519881106440932470236073923881983181664166520161361674809950800134563137168076799658867867390194238390935533222008349024805667134820604312449033326263559180255301905754637474678971856607860556962929565185
40546949786185066289758626840751031807824401445146702341537473163087150102819872787529777179462870390691733653490179137636734678179967708299255586499065961785418046339919539980654607059681592116410483567063440879361
1137424841301815224113323
0
2384795893229921265483784608461
123307
0
42945869967482914033533438610579482671248706497
188856255861495012298286374676615751208990740513299995036729
8075366557
16016803
1009681963
4232361195994309
62063
1263
481
0
0
15387
9223533075831008467267661
3938109
30883
23
92267
507779625
9669
19
15671
53
15855
31
0
481
0
15
257643244985
45
0
15
552589
3837
61
15
15
15
15
15
31407499
1963729
47913
251
15
0
15
15
15
9
733
0
15
15
15
15
125400505
187650194699647170960767383117499202302152077649907444411841
578175872530616787537539809
1469035
0
0
91787
15
1050976759000569
7829497
0
239
1435
15
15
15
0
489137
1917
179
31278781
247
15
15
123
41
239
17
963
61
15
15
0
417
1907
61259
0
1965
507
5
15
239
93
15
15
5
7
7
15
721
301
67
0
93
179
7
13
13
13
15
13
13
13
13
0
2189835063266621398401
0
0
2295428882261305318694443873
254814963277
1899
19
0
953
121437
30371
267
69
119
15
121369
242681
500473
3793
237
3805
297
31
475
242939
37
19
37
31
13
13
61
248071909
0
267
473
8749
475
37
61
473
61
3
3
3
3
3
3
2129
297
3
15
37
3
3
3
9
0
3
3
15
3
3
59
0
241345
707
81
13
75
119
59
265
4717
3
59
5
15
13
37
125
125
17
17
17
3
3
3
45
37
3
3
0
3
3
0
1057
17
59
941
45
59
15
501
11
11
3
3
11
3
3
11
17
11
11
15
11
3
3
11
11
15
3
11
15
11
11
0
7489
4976734032254100232433768862452211896001
958379
7850149953
251192108493
7724331
37
15693356961
4905524025
239437
117
239595
965
935
471
0
956883
73
1927
117
701
467
117
11
31
31
11
31
31
11
11
7465
481
22385
11
1865
17249
539
23
7457
233
61
3
233
121
31
11
251
0
233
251
5
5
5
5
5
0
5
5
5
5
5
5
581
1859
4705
363
89201
1165
11
11
929
3833
2093
59
11
5
5
5
29
29
29
11
29
29
3
3
3
29
5
3
3
5
3
3
19
161
29
11
29
29
19
5
5
33
5
3
3
5
3
3
0
145
233
19
5
5
3
3
11
15
5
3
11
5
11
11
119
247750007937
65
811
3780963
29
491
245
145
697
173
59
0
463
119
9
9
9
9
9
9
349
9
9
9
9
5
5
5
5
5
5
9
97
467
11
9
45
11
5
29
11
29
3
3
5
3
3
9
115
9
9
5
5
3
3
0
9
5
3
9
5
9
9
15
65
115
43
17
13
11
15
9
9
9
9
9
5
5
5
9
65
9
11
17
17
3
3
9
9
5
3
0
5
9
9
15
33
17
11
9
9
9
5
9
9
17
3
9
5
0
9
15
17
9
9
9
17
9
0
15
9
9
9
15
9
15
15
0
3981336427887723140476633864037473261662692831365140282065902292523680809093604961388770407916025928705
81797260862720232816800343663996198701592702480859538156278681180321413870873932704640019230557953782114143862746811091950715183607874039638559334966464404184657125891027012839697928496678769532392985857915160342401923493116914887569707057408747433732175059705619770997288315624728707747476258884223063766068737
9449212054643697436328600220632524459
748562510497891950914832523023538552326584487220215461514373560065
15629019449549
4000595114895531
122134858167
19341496269324044355191429551299532962689
0
15254442701
1952364513187
488043817387
465605
7912375
71
8184343991108570561
487772081393
57
1918491
63389773880269
1904534821
0
227
0
3718185
232645
57
1815
117
171
567
1021273028302258913
860327795713762166171205007787170902618874543642542714869241857611763554102950780897
331350387214246239645048006405662543176108037185265
907
0
475310333
931867
1815
0
62274856269849
5437
131
9059
0
23
71
1952155359851
481
3625
3635
453
29
19
0
311
9
53
57
461
85
283
57
113
371821266393199212769893107546440332531575744909281857214795869121
0
7403627
113
236836109
907
15
59421113
7225
903
3619
283
15
15
15
141
3695793
3609
245427
0
229
15
15
7227
909
37
57
479
479
11
11
14759563
929
944510067
11
113
14407
113
15
901
225
29
15
0
29
903
11
1911
281
9
9
9
29
9
71
15
9
9
9
15
9
15
15
0
0
449
7557892651
0
144461
0
57655
113
897
141
3811
14689931
8069
120119
15
0
113
0
7
7
7
7
7
7
7163
7
7
7
7
7
7
7
28641
449
1803
1817
7
7
7
7
16089
7
3
7
21
7
7
7
7145
5609
7
279
17
0
7
7
7
7
7
7
7
7
7
7
467430209
4513
961
14289
141
114507
7
891
28509
7
7
7
5
5
5
0
113
445
7
29
29
15
7
139
945
5
0
7
5
7
7
7
33
59
7
9
7
7
5
7
33
7
7
7
5
7
7
7
17
9
7
7
7
7
7
7
9
7
7
7
7
7
7
7085
3988064167953750785
18389758482533300959810829533994651073
7083
522560051351567389001409
237607837645
1771
14519
0
28313
7247361
35
235
453
19
111
231769777
7302129
57
14363
221
221
35
7
14135
113
69
19
69
69
69
25
56489
56483
28273
331
221
7
7
7
7
0
7
7
7
69
7
7
7
883
57
7
117
0
19
7
7
265
7
7
7
7
7
7
55
3631809
29025
17643
14069
2253
55
55
28569
221
7
7
7
453
7
7
55
885
3513
7
55
55
3
3
3
3
3
3
3
3
3
3
3
1761
55
3
9
221
3
3
0
89
221
3
3
3
3
3
3
247
9
3
7
7
3
3
3
9
7
3
3
7
3
3
0
3664657025
8945985
4395
55969
29
875
29
1105
29
29
3
55
111
29
9
41
437
4361
7
109
55
3
3
123
41
5
3
7
5
7
7
109
111465
245
55
1753
109
17
7
17
17
17
3
3
3
3
3
3
17
17
3
0
17
3
3
3
7
7
3
3
7
3
3
7
217
6945
7
17
7
7
7
9
9
7
3
7
5
7
7
7
435
11
7
7
7
3
3
3
9
0
3
3
7
3
3
7
33
17
7
9
7
7
7
7
11
7
3
3
0
3
3
7
17
9
7
7
7
3
3
7
9
7
3
7
7
7
7
27
36675087180233320000402333793422535809537
508916768462643484028417
515519659
1879970559617
20685
0
3447
30315167227743041
55353
461
1723
68907
217
37
111
8609
451382001
440697
27
437
269
27
7
27
110121
21
19
55
21
27
17
440273
14080419
13749
13751
13753
0
27
7
6877
537
61
3
431
37
7
7
3915
429
57
0
109
29
31
7
67
9
9
9
27
9
27
27
0
949191221373377
14561
27
0
3425
1719
87
107
107
7
7
7
645
7
7
109
57
57
7
61
61
3
3
67
41
57
3
7
7
7
7
27
227
1761
267
0
109
27
5
5
5
5
3
5
5
5
5
5
5
5
7
5
5
5
5
5
5
5
5
5
5
5
5
5
3594753
0
1067
113
27
27
5
113
857
93
15
11
5
5
5
425
113
425
7
1805
55
107
7
17
17
5
5
5
5
5
5
5
1697
1713
11
217
53
17
5
5
3397
5
3
3
3
3
3
3
53
0
3
5
5
3
3
3
9
5
3
3
5
3
3
0
3409
161
109
81
2061
119
55
425
1373
33
3
33
5
5
5
5
5
5
17
5
5
3
3
3
0
5
3
3
5
3
3
5
7
7
7
7
7
7
5
5
5
5
3
3
5
3
3
5
7
7
7
5
5
3
3
5
7
5
3
5
5
5
5
7
6721
13441
427
105
53
843
7
33
1679
60749
105
107
5
7
7
213
41761 milliseconds
