0
0
0
0
0
0
0
0
0
0
3
0
5
0
0
0
0
0
27
0
0
3
3
0
41
5
3
0
5
0
0
0
0
0
0
0
7085
27
7
0
25
0
3
3
0
3
3
0
0
41
0
5
5
3
3
0
9
5
3
0
5
0
0
0
0
0
128207979
0
0
0
119
0
0
7085
0
27
5
7
7
0
1657009
25
395
0
0
3
3
3
0
0
3
3
0
3
3
0
172961
0
11
41
365
0
5
5
0
5
3
3
5
3
3
0
145
9
9
5
5
3
3
0
9
5
3
0
5
0
0
0
0
0
281629680514649643
0
0
128207979
0
0
125400505
0
59
0
581
119
15
0
113
0
7
7085
55
0
7
27
0
5
0
7
5
7
7
0
0
1657009
6433
25
0
395
7
0
25
0
3
3
3
3
3
3
23697
0
3
0
17
3
3
3
9
0
3
3
0
3
3
0
1458419568449
172961
0
0
13
11
83
41
6521
365
3
0
5
5
5
5
49
0
11
5
5
3
3
3
0
5
3
3
5
3
3
0
0
145
75
9
9
9
5
5
9
5
3
3
5
3
3
0
17
9
9
5
5
3
3
0
9
5
3
0
5
0
0
0
0
0
0
0
0
281629680514649643
3987
0
253241
0
0
128207979
374213
0
495
0
0
125400505
0
0
61
59
0
0
7465
581
19
119
9
15
15
0
1021273028302258913
113
14759563
0
7
7
7
7085
56489
55
3
0
109
7
7
27
440273
0
27
5
5
0
5
7
9
5
0
7
5
7
7
0
28059810762433
0
203
1657009
13
6433
101
25
25
0
99
395
5
7
7
0
49
25
145
0
0
3
3
3
3
3
3
3
3
3
3
3
25249
23697
3
0
13
3
3
0
729
17
3
3
3
3
3
3
17
9
3
0
11
3
3
3
9
0
3
3
0
3
3
0
0
1458419568449
43
172961
1380173
0
21
0
181433
13
3
11
21
83
11
41
41841
6521
0
365
61
3
3
0
41
5
3
5
5
5
5
5
659179633
49
11
0
39
11
5
5
41
5
3
3
3
3
3
3
19
0
3
5
5
3
3
3
0
5
3
3
5
3
3
0
73
0
75
145
77
75
0
9
9
9
3
9
5
5
5
5
0
9
11
5
5
3
3
3
9
5
3
3
5
3
3
0
545
17
11
9
9
9
5
5
9
5
3
3
5
3
3
0
17
9
9
5
5
3
3
0
9
5
3
0
5
0
0
0
0
0
0
0
0
0
529629879
0
2612532567531197416225524817134496825
0
131394793
281629680514649643
0
3987
0
0
0
253241
7899
0
2014525
0
23
128207979
31273
374213
19
0
53
495
31
0
481
0
31407499
125400505
0
0
15
0
121369
61
3
59
37
0
11
0
0
7465
251
581
29
19
0
119
9
9
9
15
9
15
15
0
8184343991108570561
1021273028302258913
1952155359851
113
141
14759563
1911
0
0
7
7
7
0
7
7
7085
231769777
56489
7
55
55
3
3
0
41
109
3
7
7
7
7
27
8609
440273
3915
0
109
27
5
5
425
5
3
0
5
5
5
7
213
9
7
5
5
0
5
7
9
5
0
7
5
7
7
0
6700417
28059810762433
834947
0
0
203
19
1657009
635311033
13
0
6433
69
101
13
25
0
25
7
0
397
99
7
395
425
5
19
7
5
7
7
0
24929
49
267
25
97
145
7
0
25
0
3
3
3
3
3
3
3
3
3
3
0
3
3
3
3
3
3
3
3
3
3
3
0
25249
3
23697
13
3
3
0
0
13
3
3
5
3
3
0
49
729
17
17
17
3
3
3
3
3
3
3
3
3
3
3
289
17
3
9
7
3
3
0
11
11
3
3
3
3
3
3
17
9
3
0
11
3
3
3
9
0
3
3
0
3
3
0
8162681060320781227354732669970957628221528536364154113
0
0
1458419568449
348621
43
0
172961
0
1380173
3
0
21
21
335
0
85489
181433
667
13
13
3
3
11
43305
21
3
83
9
11
11
41
0
41841
11
6521
21
0
7
365
20761
61
3
3
101
3
3
0
81
41
0
5
5
3
3
5
5
5
3
5
5
5
5
5
5156033
659179633
363
49
0
11
5
0
313
39
79
11
5
5
5
5
193
41
11
5
5
3
3
3
3
3
3
3
3
3
3
3
161
19
3
0
13
3
3
5
5
5
3
3
3
3
3
3
21
0
3
5
5
3
3
3
0
5
3
3
5
3
3
0
1169
73
0
0
1165
75
19
145
73
77
3
75
5
0
9
9
9
9
7
9
37
3
3
9
9
5
3
5
5
5
5
5
97
0
11
9
45
11
5
5
11
5
3
3
3
3
3
3
0
9
3
5
5
3
3
3
9
5
3
3
5
3
3
0
0
545
545
17
13
11
17
9
9
9
3
9
5
5
5
5
17
9
11
5
5
3
3
3
9
5
3
3
5
3
3
0
33
17
11
9
9
9
5
5
9
5
3
3
5
3
3
0
17
9
9
5
5
3
3
0
9
5
3
0
5
0
0
0
0
0
0
0
0
0
266873271
0
658823556478099638844868552626850361
0
0
0
69486590200517
529629879
32295
0
11501077245931562637775779202316801630183861087473
2612532567531197416225524817134496825
2123291
0
8619329432381
131394793
501
281629680514649643
4293493332009
0
499
3987
8285045
0
2015
0
0
0
63371
253241
550533037
7899
2967
0
0
2014525
3
0
69
23
0
128207979
2098601876689
31273
123
374213
61
19
19
0
9
53
19
495
17
31
31
0
42945869967482914033533438610579482671248706497
481
92267
0
552589
31407499
15
125400505
1050976759000569
0
123
0
15
15
13
0
0
121369
475
61
61
3
3
59
59
37
3
0
501
11
11
0
15693356961
0
11
7465
7457
251
5
581
929
29
3
19
5
0
11
119
145
9
9
9
29
9
0
15
9
9
9
15
9
15
15
0
19341496269324044355191429551299532962689
8184343991108570561
0
1021273028302258913
0
1952155359851
311
113
59421113
141
7227
14759563
901
1911
15
0
113
0
7
7
7
7
7
7
891
0
139
7
7
7
7
7085
0
231769777
14135
56489
7
7
7
55
28569
55
3
3
0
3
3
0
1105
41
123
109
17
3
3
7
9
7
3
7
7
7
7
27
30315167227743041
8609
27
440273
6877
3915
67
0
107
109
67
27
5
5
5
5
113
425
17
5
5
3
3
0
425
5
3
5
5
5
5
7
33
213
59
9
7
7
5
5
33
5
3
0
5
5
5
7
17
9
7
5
5
0
5
7
9
5
0
7
5
7
7
0
0
6700417
856985003
28059810762433
0
834947
1655
0
213457209
0
419
203
13381
19
103
1657009
888914039245809
635311033
27
13
13
0
101
6433
113
69
19
101
213
13
13
25
28772986948386930401
0
1595
25
7
7
7
0
25
397
0
99
421
7
7
395
789
425
6315
5
5
19
5
7
25
5
25
7
5
7
7
0
6785729
24929
195
49
13
267
55
25
25
97
99
145
5
7
7
0
49
25
145
0
0
3
3
3
3
3
3
3
3
3
3
3
3
3
3
3
13
3
3
3
1529
0
3
3
3
3
3
3
3
3
3
3
0
3
3
3
3
3
3
3
3
3
3
3
800637991553
0
3
25249
29
3
3
23697
185
13
3
3
13
3
3
0
23
0
23
13
13
3
3
3
1465
5
3
3
5
3
3
0
97
49
545
729
365
17
5
17
0
17
3
3
3
3
3
3
3
3
3
3
5
3
3
3
3
3
3
3
3
3
3
3
89
289
3
17
13
3
3
9
9
7
3
3
5
3
3
0
177
11
7
11
11
3
3
3
3
3
3
3
3
3
3
3
33
17
3
9
7
3
3
0
11
11
3
3
3
3
3
3
17
9
3
0
11
3
3
3
9
0
3
3
0
3
3
0
3988277269657485643092640278855716808376679563262465
8162681060320781227354732669970957628221528536364154113
171
0
1393565
0
16311
1458419568449
0
348621
3
43
677
0
43
172961
353996017
0
27
1380173
5389
3
3
0
21
21
3
21
21
335
21
0
197249846922463396298209
85489
1335
181433
21
667
0
13
665
13
3
3
13
3
3
11
21
43305
11
21
29
3
3
83
9
9
3
11
9
11
11
41
6064450648831974115777
0
23
41841
245
11
23
6521
2617
21
41
0
21
7
7
365
689
20761
81
61
61
3
3
3
41
101
3
3
21
3
3
0
161
81
11
41
801
0
5
5
5
5
3
3
5
3
3
5
5
5
0
5
5
3
3
5
5
5
3
5
5
5
5
5
0
5156033
43
659179633
643661
363
5
49
157
0
59
11
5
5
5
0
625
313
11
39
701
79
7
11
233
5
5
5
5
5
5
5
6179
193
11
41
0
11
5
5
41
5
3
3
3
3
3
3
3
3
3
3
5
3
3
3
3
3
3
3
3
3
3
3
0
161
3
19
13
3
3
0
321
13
3
3
5
3
3
5
5
5
11
5
5
3
3
3
3
3
3
3
3
3
3
3
321
21
3
0
7
3
3
5
5
5
3
3
3
3
3
3
17
0
3
5
5
3
3
3
0
5
3
3
5
3
3
0
160753137842561
1169
7083
73
2407
0
37
0
0
1165
3
75
5
19
291
145
145
73
155
77
37
3
3
75
41
5
3
0
5
9
9
9
9
9
0
9
7
7
7
9
9
37
3
3
9
3
3
9
89
9
9
5
5
3
3
5
5
5
3
5
5
5
5
5
337676481
97
27
0
71
11
5
9
9
45
9
11
5
5
5
5
35
11
11
5
5
3
3
3
3
3
3
3
3
3
3
3
35
0
3
9
9
3
3
5
5
5
3
3
3
3
3
3
0
9
3
5
5
3
3
3
9
5
3
3
5
3
3
0
137
0
43
545
77
545
275
17
17
13
3
11
5
17
9
9
9
9
7
9
13
3
3
9
9
5
3
5
5
5
5
5
0
17
11
9
21
11
5
5
11
5
3
3
3
3
3
3
17
9
3
5
5
3
3
3
9
5
3
3
5
3
3
0
2113
33
25
17
13
11
17
9
9
9
3
9
5
5
5
5
5167556 milliseconds
